-1 15 15 15
0.000109 7 14 2 H
0.013816 7 14 1 H
0.038158 7 0 1 H
0.051750 7 0 2 H
0.089103 7 0 3 H
0.102797 7 14 3 H
0.143176 7 0 3 H
0.173662 7 0 4 H
0.186284 7 0 5 H
0.228772 7 0 6 H
0.258367 7 0 7 H
0.308036 7 0 8 H
0.344896 7 1 8 H
0.000127 0 12 10 A
0.023195 0 12 11 A
0.038304 0 11 11 A
0.057343 0 11 12 A
0.104019 0 11 11 A
0.119600 0 11 10 A
0.160364 0 10 10 A
0.184741 0 10 11 A
0.230221 0 10 12 A
0.258119 0 10 13 A
0.268804 0 10 14 A
0.302146 0 9 14 A
0.333316 0 10 14 A
0.353016 0 11 14 A
0.372671 0 10 14 A
0.405206 0 11 14 A
0.000121 11 11 2 L
0.013709 11 10 2 L
0.057625 11 11 2 L
0.072629 11 10 2 L
0.107589 11 11 2 L
0.128803 11 12 2 L
0.146418 11 12 3 L
0.192529 11 13 3 L
0.232800 11 13 2 L
0.263818 11 14 2 L
0.297738 11 13 2 L
0.339193 11 13 1 L
0.369756 11 13 0 L
0.402885 11 12 0 L
0.453739 11 12 1 L
0.000159 2 5 9 C
0.023189 2 4 9 C
0.071216 2 4 8 C
0.102708 2 5 8 C
0.148668 2 5 7 C
0.164592 2 5 6 C
0.198242 2 4 6 C
0.230730 2 5 6 C
0.244633 2 6 6 C
0.260666 2 5 6 C
0.294141 2 5 5 C
0.334380 2 6 5 C
0.353112 2 6 4 C
0.376036 2 6 5 C
0.410118 2 6 4 C
0.425459 2 6 5 C
0.456203 2 6 6 C
0.478627 2 6 7 C
0.499817 2 6 6 C
0.536156 2 5 6 C
0.000170 3 14 0 D
0.033418 3 14 1 D
0.076038 3 14 2 D
0.097437 3 13 2 D
0.112422 3 13 1 D
0.134146 3 13 2 D
0.170805 3 12 2 D
0.216226 3 13 2 D
0.267197 3 13 1 D
0.285273 3 14 1 D
0.307990 3 14 0 D
0.325717 3 0 0 D
0.340701 3 0 14 D
0.374351 3 14 14 D
0.423141 3 14 13 D
0.438731 3 14 14 D
0.475479 3 14 13 D
0.491064 3 13 13 D
0.522352 3 13 14 D
0.565834 3 13 0 D
0.593066 3 12 0 D
0.618628 3 12 14 D
0.636910 3 13 14 D
0.660952 3 13 13 D
0.678922 3 13 14 D
0.000321 8 5 14 I
0.043582 8 6 14 I
0.063315 8 6 13 I
0.105171 8 5 13 I
0.151403 8 5 12 I
0.170802 8 6 12 I
0.213379 8 5 12 I
0.241731 8 5 13 I
0.258112 8 4 13 I
0.297742 8 5 13 I
0.315800 8 5 12 I
0.346136 8 4 12 I
0.391229 8 4 11 I
0.424320 8 4 12 I
0.439920 8 4 13 I
0.481979 8 4 12 I
0.504027 8 5 12 I
0.536147 8 5 11 I
0.583595 8 4 11 I
0.614254 8 5 11 I
0.647618 8 6 11 I
0.673270 8 7 11 I
0.687450 8 7 12 I
0.709405 8 6 12 I
0.725979 8 7 12 I
0.747299 8 6 12 I
0.776030 8 6 11 I
0.805527 8 5 11 I
0.846258 8 6 11 I
0.872200 8 7 11 I
0.898208 8 8 11 I
0.947825 8 8 10 I
0.959591 8 9 10 I
1.000229 8 10 10 I
1.011504 8 9 10 I
1.053472 8 8 10 I
1.074641 8 7 10 I
1.122874 8 8 10 I
1.161043 8 8 9 I
1.173137 8 9 9 I
1.216894 8 9 10 I
1.255697 8 10 10 I
1.295724 8 9 10 I
1.314419 8 9 9 I
1.340766 8 8 9 I
1.390352 8 9 9 I
0.000143 1 12 0 B
0.033423 1 12 14 B
0.046937 1 11 14 B
0.095188 1 11 0 B
0.112251 1 11 1 B
0.127542 1 11 0 B
0.156447 1 10 0 B
0.192428 1 10 14 B
0.221831 1 9 14 B
0.241472 1 8 14 B
0.282241 1 8 13 B
0.304255 1 7 13 B
0.324490 1 7 12 B
0.344983 1 8 12 B
0.379258 1 9 12 B
0.416362 1 9 11 B
0.457435 1 8 11 B
0.468936 1 8 10 B
0.491165 1 8 11 B
0.509292 1 8 10 B
0.557568 1 9 10 B
0.605001 1 9 9 B
0.644129 1 8 9 B
0.665929 1 7 9 B
0.697333 1 8 9 B
0.725977 1 7 9 B
0.776027 1 7 8 B
0.811297 1 7 7 B
0.833416 1 7 6 B
0.847574 1 6 6 B
0.865767 1 5 6 B
0.891673 1 4 6 B
0.902421 1 5 6 B
0.924804 1 6 6 B
0.961244 1 6 7 B
1.002007 1 6 8 B
1.029856 1 6 7 B
1.062957 1 6 8 B
1.106213 1 6 7 B
1.123090 1 6 6 B
1.173139 1 5 6 B
1.212665 1 4 6 B
1.250355 1 4 7 B
1.264508 1 3 7 B
1.314283 1 3 6 B
1.351202 1 2 6 B
1.371034 1 2 5 B
1.393792 1 3 5 B
1.405831 1 4 5 B
1.419658 1 5 5 B
1.459001 1 5 4 B
1.506690 1 4 4 B
1.521213 1 5 4 B
0.000203 9 3 12 J
0.013587 9 3 13 J
0.028060 9 3 14 J
0.058800 9 3 13 J
0.093903 9 3 14 J
0.114854 9 3 0 J
0.160361 9 2 0 J
0.199354 9 2 14 J
0.228764 9 3 14 J
0.269093 9 2 14 J
0.280499 9 3 14 J
0.328979 9 2 14 J
0.374354 9 1 14 J
0.420570 9 0 14 J
0.451311 9 0 0 J
0.473720 9 0 14 J
0.522084 9 1 14 J
0.567831 9 1 0 J
0.583297 9 0 0 J
0.615457 9 14 0 J
0.647659 9 14 14 J
0.686388 9 14 13 J
0.712083 9 14 12 J
0.735958 9 13 12 J
0.750946 9 14 12 J
0.778485 9 0 12 J
0.809987 9 0 11 J
0.852859 9 0 12 J
0.887374 9 0 11 J
0.930746 9 1 11 J
0.973722 9 2 11 J
1.019751 9 1 11 J
1.046669 9 1 12 J
1.089269 9 1 13 J
1.136551 9 1 12 J
1.152448 9 0 12 J
1.196077 9 14 12 J
1.221773 9 13 12 J
1.251936 9 13 11 J
1.299504 9 12 11 J
1.320662 9 13 11 J
1.360336 9 12 11 J
1.376340 9 13 11 J
1.419385 9 13 10 J
1.438177 9 14 10 J
1.463428 9 14 9 J
1.496804 9 14 10 J
1.517411 9 13 10 J
1.567295 9 13 11 J
0.000189 4 6 14 E
0.047099 4 6 0 E
0.072541 4 5 0 E
0.111005 4 4 0 E
0.135407 4 4 14 E
0.156355 4 4 0 E
0.205348 4 5 0 E
0.244880 4 6 0 E
0.273670 4 6 1 E
0.294145 4 6 0 E
0.306719 4 6 1 E
0.339316 4 5 1 E
0.358400 4 4 1 E
0.382513 4 3 1 E
0.417849 4 3 2 E
0.462850 4 3 1 E
0.493878 4 3 0 E
0.505570 4 3 14 E
0.519519 4 4 14 E
0.532538 4 4 0 E
0.549638 4 3 0 E
0.583306 4 3 14 E
0.604759 4 2 14 E
0.644217 4 2 13 E
0.686295 4 2 14 E
0.710822 4 3 14 E
0.741520 4 2 14 E
0.768412 4 3 14 E
0.789588 4 3 0 E
0.826838 4 3 14 E
0.846362 4 3 0 E
0.893931 4 4 0 E
0.939414 4 4 1 E
0.962667 4 3 1 E
1.004961 4 2 1 E
1.046471 4 3 1 E
1.060469 4 2 1 E
1.074635 4 2 0 E
1.124557 4 2 1 E
1.173039 4 3 1 E
1.208577 4 4 1 E
1.251944 4 5 1 E
1.274459 4 4 1 E
1.316507 4 4 2 E
1.366784 4 4 1 E
1.401829 4 3 1 E
1.445646 4 2 1 E
1.481105 4 3 1 E
1.495598 4 2 1 E
1.536883 4 3 1 E
1.549870 4 2 1 E
1.594998 4 2 2 E
1.613759 4 3 2 E
1.642248 4 3 3 E
1.687036 4 2 3 E
1.716425 4 2 2 E
1.738299 4 2 3 E
1.764652 4 1 3 E
0.000097 6 7 13 G
0.023412 6 6 13 G
0.053064 6 7 13 G
0.082654 6 7 12 G
0.123932 6 7 11 G
0.137861 6 7 12 G
0.148753 6 8 12 G
0.167761 6 8 13 G
0.198135 6 8 12 G
0.247670 6 7 12 G
0.283590 6 7 13 G
0.315728 6 7 12 G
0.333231 6 8 12 G
0.364343 6 7 12 G
0.406452 6 8 12 G
0.444382 6 9 12 G
0.480065 6 9 11 G
0.528250 6 8 11 G
0.566106 6 9 11 G
0.613035 6 10 11 G
0.651229 6 11 11 G
0.664644 6 12 11 G
0.678988 6 13 11 G
0.718445 6 13 10 G
0.756599 6 13 9 G
0.788174 6 14 9 G
0.801063 6 14 10 G
0.824548 6 14 11 G
0.852862 6 14 12 G
0.879696 6 13 12 G
0.928278 6 13 13 G
0.943888 6 13 14 G
0.961120 6 13 0 G
1.000225 6 14 0 G
1.017130 6 14 14 G
1.047793 6 13 14 G
1.091732 6 13 0 G
1.107370 6 13 14 G
1.136554 6 13 0 G
1.177253 6 14 0 G
1.201408 6 13 0 G
1.245915 6 12 0 G
1.291950 6 13 0 G
1.342101 6 14 0 G
1.362053 6 14 14 G
1.395685 6 14 0 G
1.429401 6 0 0 G
1.456723 6 0 14 G
1.492309 6 0 13 G
1.541262 6 1 13 G
1.586865 6 1 14 G
1.632652 6 0 14 G
1.644354 6 0 0 G
1.681767 6 14 0 G
1.718609 6 0 0 G
1.741689 6 0 14 G
1.777843 6 0 0 G
1.823660 6 14 0 G
0.000188 13 13 6 N
0.031927 13 13 5 N
0.065813 13 14 5 N
0.095088 13 14 4 N
0.128718 13 14 5 N
0.156358 13 0 5 N
0.206894 13 0 6 N
0.237127 13 14 6 N
0.256158 13 0 6 N
0.282462 13 1 6 N
0.300885 13 1 7 N
0.340704 13 0 7 N
0.369758 13 1 7 N
0.413878 13 1 8 N
0.437451 13 0 8 N
0.485693 13 14 8 N
0.500011 13 14 7 N
0.531995 13 13 7 N
0.564510 13 14 7 N
0.585260 13 0 7 N
0.627448 13 14 7 N
0.659610 13 14 8 N
0.698517 13 14 7 N
0.743702 13 14 8 N
0.764060 13 13 8 N
0.786522 13 12 8 N
0.818083 13 12 7 N
0.856172 13 13 7 N
0.903524 13 14 7 N
0.941715 13 13 7 N
0.957267 13 12 7 N
0.987974 13 12 6 N
1.015380 13 12 7 N
1.062964 13 11 7 N
1.074487 13 11 6 N
1.101726 13 10 6 N
1.131638 13 9 6 N
1.156300 13 10 6 N
1.179657 13 11 6 N
1.201411 13 10 6 N
1.239685 13 10 7 N
1.283824 13 11 7 N
1.331588 13 12 7 N
1.346649 13 12 8 N
1.390241 13 12 9 N
1.436794 13 11 9 N
1.464676 13 12 9 N
1.499002 13 13 9 N
1.512611 13 13 8 N
1.542612 13 14 8 N
1.589837 13 13 8 N
1.625495 13 13 7 N
1.649378 13 13 6 N
1.660022 13 13 5 N
1.681777 13 13 6 N
1.727556 13 13 5 N
1.755386 13 12 5 N
1.768507 13 12 4 N
1.809710 13 13 4 N
1.852939 13 13 5 N
1.900572 13 13 6 N
1.940243 13 13 5 N
1.965527 13 12 5 N
1.977181 13 11 5 N
2.001734 13 11 6 N
2.033590 13 12 6 N
2.065416 13 13 6 N
2.114601 13 14 6 N
2.136681 13 14 7 N
2.179120 13 14 8 N
0.000164 12 10 9 M
0.041993 12 10 10 M
0.080425 12 9 10 M
0.125088 12 10 10 M
0.169271 12 10 11 M
0.198244 12 9 11 M
0.216045 12 9 12 M
0.233309 12 10 12 M
0.266921 12 10 13 M
0.297867 12 10 12 M
0.323201 12 10 13 M
0.342226 12 10 12 M
0.391057 12 10 13 M
0.424422 12 11 13 M
0.448800 12 11 12 M
0.473813 12 11 13 M
0.501337 12 10 13 M
0.519292 12 11 13 M
0.543949 12 11 12 M
0.564240 12 11 13 M
0.608598 12 11 14 M
0.629629 12 11 13 M
0.651226 12 12 13 M
0.697289 12 12 12 M
0.729299 12 12 13 M
0.776114 12 12 12 M
0.812556 12 12 13 M
0.857310 12 12 14 M
0.904706 12 11 14 M
0.924887 12 11 13 M
0.962664 12 11 12 M
0.998487 12 10 12 M
1.048194 12 11 12 M
1.096198 12 11 11 M
1.115917 12 11 12 M
1.164479 12 10 12 M
1.212772 12 10 11 M
1.238122 12 11 11 M
1.266567 12 12 11 M
1.293332 12 12 10 M
1.312838 12 12 9 M
1.356006 12 13 9 M
1.395543 12 14 9 M
1.423189 12 14 8 M
1.436802 12 14 9 M
1.448919 12 14 10 M
1.493464 12 14 9 M
1.536994 12 14 10 M
1.554008 12 0 10 M
1.592863 12 0 11 M
1.632412 12 1 11 M
1.654772 12 2 11 M
1.689868 12 2 10 M
1.716966 12 1 10 M
1.751165 12 1 11 M
1.779602 12 1 12 M
1.790819 12 1 13 M
1.821757 12 1 12 M
1.851395 12 1 11 M
1.873921 12 1 12 M
1.902286 12 2 12 M
1.949681 12 3 12 M
1.990777 12 3 11 M
2.025238 12 2 11 M
2.073119 12 1 11 M
2.108337 12 1 10 M
2.149079 12 2 10 M
2.185904 12 2 11 M
2.200963 12 1 11 M
2.211973 12 1 12 M
2.252134 12 2 12 M
2.283747 12 2 11 M
2.312634 12 3 11 M
2.325918 12 3 12 M
2.337611 12 4 12 M
2.368201 12 4 13 M
2.395919 12 4 12 M
0.000076 14 8 6 O
0.041998 14 9 6 O
0.072538 14 9 7 O
0.091547 14 10 7 O
0.135482 14 11 7 O
0.163081 14 11 6 O
0.176684 14 11 5 O
0.203601 14 10 5 O
0.244624 14 11 5 O
0.266929 14 11 6 O
0.314427 14 11 5 O
0.333313 14 11 6 O
0.380899 14 12 6 O
0.428030 14 12 7 O
0.466295 14 11 7 O
0.514081 14 12 7 O
0.528505 14 11 7 O
0.569602 14 12 7 O
0.603220 14 13 7 O
0.622957 14 12 7 O
0.646399 14 12 6 O
0.690887 14 12 5 O
0.732702 14 11 5 O
0.755291 14 11 4 O
0.769622 14 11 5 O
0.806681 14 12 5 O
0.840617 14 12 4 O
0.872203 14 12 5 O
0.887466 14 12 4 O
0.903522 14 11 4 O
0.918328 14 11 5 O
0.947822 14 11 6 O
0.993731 14 11 5 O
1.044842 14 10 5 O
1.074639 14 11 5 O
1.124559 14 10 5 O
1.141322 14 11 5 O
1.179584 14 10 5 O
1.226649 14 11 5 O
1.264517 14 11 4 O
1.300937 14 12 4 O
1.343791 14 13 4 O
1.368052 14 13 3 O
1.397374 14 13 2 O
1.425949 14 12 2 O
1.449026 14 12 1 O
1.490022 14 12 2 O
1.506598 14 11 2 O
1.532097 14 11 3 O
1.545667 14 11 2 O
1.590114 14 11 1 O
1.608497 14 10 1 O
1.632421 14 10 2 O
1.667550 14 10 1 O
1.714367 14 10 0 O
1.739407 14 11 0 O
1.782487 14 10 0 O
1.802780 14 10 14 O
1.815448 14 9 14 O
1.842847 14 10 14 O
1.870026 14 9 14 O
1.881278 14 9 13 O
1.908470 14 9 14 O
1.940032 14 8 14 O
1.951713 14 8 13 O
1.992881 14 9 13 O
2.012084 14 9 12 O
2.035073 14 9 11 O
2.074647 14 9 12 O
2.100074 14 10 12 O
2.147411 14 9 12 O
2.160558 14 9 11 O
2.199434 14 10 11 O
2.229386 14 10 12 O
2.274437 14 11 12 O
2.296017 14 12 12 O
2.319370 14 13 12 O
2.341539 14 13 13 O
2.380868 14 13 14 O
2.406395 14 13 13 O
2.424881 14 14 13 O
2.455448 14 0 13 O
2.470598 14 0 14 O
2.516370 14 0 13 O
2.547503 14 0 12 O
0.000108 5 7 6 F
0.013654 5 8 6 F
0.048158 5 7 6 F
0.088983 5 8 6 F
0.120762 5 8 5 F
0.132922 5 8 4 F
0.181492 5 9 4 F
0.195095 5 8 4 F
0.211711 5 8 3 F
0.257841 5 8 4 F
0.305388 5 7 4 F
0.322105 5 7 5 F
0.361161 5 6 5 F
0.380794 5 6 4 F
0.392757 5 7 4 F
0.412566 5 8 4 F
0.462741 5 8 3 F
0.501459 5 9 3 F
0.541349 5 9 2 F
0.583606 5 9 3 F
0.605004 5 10 3 F
0.648907 5 10 4 F
0.662248 5 10 3 F
0.703111 5 10 2 F
0.739239 5 9 2 F
0.765221 5 10 2 F
0.783307 5 9 2 F
0.832123 5 10 2 F
0.858580 5 10 3 F
0.906932 5 9 3 F
0.938241 5 10 3 F
0.959675 5 9 3 F
0.979084 5 10 3 F
1.015560 5 10 2 F
1.041202 5 10 3 F
1.053063 5 9 3 F
1.069611 5 10 3 F
1.087990 5 9 3 F
1.122974 5 9 2 F
1.148984 5 9 3 F
1.194535 5 9 2 F
1.239691 5 9 3 F
1.257349 5 8 3 F
1.302360 5 8 2 F
1.335976 5 8 1 F
1.374803 5 7 1 F
1.386416 5 7 2 F
1.433593 5 8 2 F
1.453434 5 8 1 F
1.502508 5 7 1 F
1.549866 5 7 0 F
1.582353 5 7 1 F
1.603603 5 7 2 F
1.647617 5 6 2 F
1.698236 5 6 1 F
1.741687 5 5 1 F
1.761654 5 6 1 F
1.785383 5 6 2 F
1.805712 5 6 3 F
1.840741 5 5 3 F
1.872352 5 5 2 F
1.913589 5 5 1 F
1.945306 5 5 0 F
1.961568 5 5 14 F
1.974515 5 5 0 F
1.992872 5 5 14 F
2.022130 5 4 14 F
2.042854 5 5 14 F
2.075862 5 6 14 F
2.095386 5 6 0 F
2.126481 5 7 0 F
2.144535 5 6 0 F
2.173715 5 7 0 F
2.205181 5 6 0 F
2.220637 5 6 14 F
2.248817 5 7 14 F
2.266096 5 8 14 F
2.294484 5 7 14 F
2.322201 5 8 14 F
2.370525 5 9 14 F
2.401818 5 9 0 F
2.429922 5 9 14 F
2.481034 5 9 0 F
2.498114 5 10 0 F
2.536526 5 9 0 F
2.568771 5 9 1 F
2.601970 5 9 2 F
2.628495 5 8 2 F
2.672790 5 8 1 F
0.000193 10 6 6 K
0.043484 10 6 5 K
0.092703 10 6 4 K
0.118311 10 6 5 K
0.163175 10 6 6 K
0.183219 10 5 6 K
0.199356 10 4 6 K
0.211426 10 5 6 K
0.225968 10 6 6 K
0.258604 10 7 6 K
0.302028 10 8 6 K
0.325749 10 8 5 K
0.369847 10 8 4 K
0.419341 10 9 4 K
0.440014 10 9 5 K
0.465110 10 9 6 K
0.480273 10 9 7 K
0.493990 10 9 8 K
0.509298 10 9 7 K
0.549363 10 9 8 K
0.599535 10 9 7 K
0.648848 10 10 7 K
0.676498 10 9 7 K
0.700793 10 8 7 K
0.746001 10 8 6 K
0.783309 10 9 6 K
0.804348 10 8 6 K
0.841937 10 9 6 K
0.883965 10 9 5 K
0.904636 10 10 5 K
0.946558 10 10 6 K
0.987977 10 9 6 K
1.012808 10 9 5 K
1.058148 10 9 6 K
1.100565 10 9 5 K
1.141319 10 8 5 K
1.171914 10 8 4 K
1.212660 10 7 4 K
1.225424 10 7 3 K
1.245920 10 8 3 K
1.286675 10 8 2 K
1.325152 10 9 2 K
1.360427 10 10 2 K
1.398908 10 9 2 K
1.443374 10 10 2 K
1.484554 10 9 2 K
1.501288 10 9 1 K
1.542614 10 10 1 K
1.562908 10 9 1 K
1.606853 10 9 2 K
1.627343 10 9 3 K
1.661675 10 9 4 K
1.679667 10 10 4 K
1.723462 10 9 4 K
1.745259 10 9 3 K
1.771111 10 9 2 K
1.788112 10 9 3 K
1.815900 10 9 2 K
1.857311 10 9 1 K
1.884010 10 9 2 K
1.903821 10 8 2 K
1.940249 10 9 2 K
1.971691 10 8 2 K
1.986215 10 8 1 K
2.029095 10 8 0 K
2.056262 10 7 0 K
2.083556 10 7 1 K
2.126756 10 7 0 K
2.153924 10 7 14 K
2.193700 10 7 0 K
2.226506 10 8 0 K
2.267635 10 8 1 K
2.309749 10 7 1 K
2.341547 10 8 1 K
2.365850 10 8 2 K
2.380936 10 7 2 K
2.411483 10 8 2 K
2.439742 10 8 1 K
2.470423 10 7 1 K
2.488864 10 7 2 K
2.519683 10 8 2 K
2.555508 10 7 2 K
2.596161 10 6 2 K
2.614224 10 6 1 K
2.626057 10 6 2 K
2.652233 10 5 2 K
2.685133 10 5 1 K
