-1 15 15 15
0.000187 13 6 7 N
0.012680 13 5 7 N
0.032367 13 5 6 N
0.056874 13 5 5 N
0.088042 13 4 5 N
0.112419 13 5 5 N
0.133694 13 5 4 N
0.178118 13 5 3 N
0.223330 13 5 2 N
0.252112 13 6 2 N
0.270883 13 6 1 N
0.294322 13 7 1 N
0.338742 13 6 1 N
0.375450 13 5 1 N
0.000179 3 11 0 D
0.017663 3 10 0 D
0.068065 3 11 0 D
0.102554 3 11 1 D
0.145805 3 10 1 D
0.160914 3 10 0 D
0.189433 3 11 0 D
0.238481 3 11 1 D
0.279244 3 11 2 D
0.309151 3 11 3 D
0.331353 3 10 3 D
0.368227 3 11 3 D
0.396885 3 10 3 D
0.413492 3 9 3 D
0.454797 3 9 4 D
0.503897 3 9 3 D
0.540733 3 10 3 D
0.557946 3 9 3 D
0.577635 3 10 3 D
0.000101 6 6 8 G
0.046648 6 5 8 G
0.081674 6 4 8 G
0.130059 6 3 8 G
0.169831 6 2 8 G
0.191905 6 2 7 G
0.235659 6 3 7 G
0.257871 6 3 6 G
0.303218 6 3 5 G
0.323120 6 3 4 G
0.360602 6 3 5 G
0.372386 6 3 4 G
0.404744 6 3 3 G
0.416667 6 2 3 G
0.446720 6 1 3 G
0.479477 6 0 3 G
0.509233 6 1 3 G
0.537646 6 1 4 G
0.575341 6 2 4 G
0.606199 6 1 4 G
0.000162 0 1 12 A
0.043341 0 2 12 A
0.083689 0 3 12 A
0.129827 0 3 13 A
0.148840 0 4 13 A
0.160663 0 4 14 A
0.204361 0 5 14 A
0.240712 0 6 14 A
0.265923 0 5 14 A
0.287043 0 5 0 A
0.300007 0 4 0 A
0.324736 0 3 0 A
0.352918 0 4 0 A
0.364921 0 4 14 A
0.395063 0 5 14 A
0.430209 0 5 13 A
0.479244 0 6 13 A
0.513820 0 7 13 A
0.541204 0 7 12 A
0.569989 0 7 13 A
0.586344 0 6 13 A
0.626326 0 5 13 A
0.642168 0 5 12 A
0.678260 0 6 12 A
0.000137 5 5 1 F
0.036960 5 6 1 F
0.078465 5 5 1 F
0.126618 5 5 2 F
0.156775 5 5 1 F
0.172386 5 5 0 F
0.186230 5 6 0 F
0.212169 5 6 14 F
0.232287 5 7 14 F
0.250754 5 7 0 F
0.296520 5 7 1 F
0.331592 5 8 1 F
0.366567 5 7 1 F
0.416946 5 7 0 F
0.467557 5 7 1 F
0.515484 5 7 2 F
0.537656 5 7 3 F
0.556692 5 7 2 F
0.584003 5 6 2 F
0.619549 5 6 1 F
0.640621 5 5 1 F
0.683147 5 6 1 F
0.719900 5 7 1 F
0.737438 5 7 2 F
0.776598 5 8 2 F
0.790593 5 9 2 F
0.818302 5 9 3 F
0.846298 5 9 4 F
0.862429 5 9 3 F
0.875755 5 9 4 F
0.888811 5 8 4 F
0.911449 5 8 5 F
0.924988 5 9 5 F
0.000080 14 9 6 O
0.041684 14 9 5 O
0.059043 14 9 4 O
0.074442 14 10 4 O
0.114491 14 9 4 O
0.139023 14 9 3 O
0.150407 14 9 4 O
0.166149 14 9 3 O
0.215507 14 9 2 O
0.240466 14 9 1 O
0.289000 14 9 0 O
0.327983 14 8 0 O
0.372655 14 8 1 O
0.401143 14 7 1 O
0.421055 14 8 1 O
0.432278 14 9 1 O
0.479468 14 8 1 O
0.497991 14 9 1 O
0.538854 14 10 1 O
0.577633 14 9 1 O
0.602107 14 8 1 O
0.643896 14 8 2 O
0.693461 14 8 3 O
0.732541 14 7 3 O
0.758649 14 7 2 O
0.779986 14 7 1 O
0.807705 14 6 1 O
0.827817 14 6 2 O
0.877065 14 5 2 O
0.892895 14 5 3 O
0.919797 14 5 2 O
0.969534 14 6 2 O
0.994587 14 6 1 O
0.000203 2 13 14 C
0.047061 2 14 14 C
0.060981 2 0 14 C
0.108407 2 0 0 C
0.142173 2 1 0 C
0.160922 2 2 0 C
0.179216 2 2 14 C
0.191428 2 1 14 C
0.208282 2 1 0 C
0.235651 2 2 0 C
0.267411 2 3 0 C
0.283962 2 3 1 C
0.332932 2 4 1 C
0.345676 2 4 2 C
0.356865 2 4 1 C
0.406344 2 4 0 C
0.417181 2 3 0 C
0.463061 2 2 0 C
0.483535 2 2 14 C
0.521152 2 2 0 C
0.551235 2 2 14 C
0.567709 2 2 0 C
0.607865 2 2 14 C
0.622937 2 1 14 C
0.645662 2 1 13 C
0.666581 2 1 12 C
0.684749 2 2 12 C
0.732537 2 2 13 C
0.744499 2 2 14 C
0.781646 2 2 13 C
0.799603 2 1 13 C
0.833026 2 1 14 C
0.874365 2 0 14 C
0.921084 2 1 14 C
0.946858 2 1 0 C
0.972129 2 0 0 C
0.998214 2 0 1 C
1.017048 2 0 2 C
1.030994 2 1 2 C
1.044168 2 1 3 C
1.056501 2 1 2 C
0.000192 4 0 3 E
0.046852 4 0 2 E
0.093223 4 1 2 E
0.112633 4 2 2 E
0.152652 4 3 2 E
0.169616 4 3 3 E
0.180826 4 4 3 E
0.193752 4 4 4 E
0.211924 4 3 4 E
0.237042 4 3 3 E
0.253502 4 2 3 E
0.270876 4 2 2 E
0.308916 4 2 1 E
0.326357 4 2 0 E
0.341875 4 2 14 E
0.391055 4 2 0 E
0.416938 4 1 0 E
0.442622 4 1 1 E
0.471778 4 2 1 E
0.517112 4 1 1 E
0.561312 4 0 1 E
0.595243 4 14 1 E
0.630127 4 14 2 E
0.648351 4 14 1 E
0.662214 4 14 0 E
0.681538 4 14 1 E
0.693742 4 13 1 E
0.728101 4 12 1 E
0.742407 4 13 1 E
0.778314 4 13 2 E
0.811453 4 13 3 E
0.840474 4 12 3 E
0.876002 4 12 2 E
0.894869 4 11 2 E
0.909717 4 12 2 E
0.946861 4 11 2 E
0.990588 4 12 2 E
1.002572 4 12 1 E
1.032949 4 12 0 E
1.054848 4 12 1 E
1.067467 4 11 1 E
1.100989 4 10 1 E
1.131491 4 9 1 E
1.177846 4 9 2 E
1.194590 4 9 1 E
1.224586 4 9 0 E
1.240154 4 9 14 E
1.281771 4 9 13 E
1.324624 4 8 13 E
1.358297 4 8 12 E
1.373910 4 7 12 E
1.395397 4 7 13 E
1.407248 4 8 13 E
1.443502 4 8 14 E
1.470182 4 9 14 E
1.491284 4 8 14 E
1.523946 4 9 14 E
1.534316 4 9 0 E
1.553900 4 9 14 E
1.573344 4 9 13 E
1.600169 4 10 13 E
1.648908 4 9 13 E
1.678099 4 9 14 E
1.698989 4 10 14 E
1.723707 4 10 0 E
1.754231 4 11 0 E
0.000167 11 11 13 L
0.012821 11 11 12 L
0.040001 11 11 13 L
0.081685 11 12 13 L
0.093232 11 11 13 L
0.110604 11 11 12 L
0.129835 11 11 13 L
0.165924 11 10 13 L
0.212162 11 9 13 L
0.242585 11 8 13 L
0.277901 11 7 13 L
0.303226 11 7 14 L
0.323110 11 8 14 L
0.358523 11 8 0 L
0.378543 11 9 0 L
0.406355 11 9 1 L
0.442633 11 10 1 L
0.483808 11 9 1 L
0.519076 11 9 2 L
0.543297 11 10 2 L
0.556747 11 11 2 L
0.575311 11 10 2 L
0.619552 11 11 2 L
0.640625 11 10 2 L
0.688290 11 10 3 L
0.715316 11 10 4 L
0.732255 11 10 3 L
0.769666 11 9 3 L
0.810917 11 9 2 L
0.850364 11 9 3 L
0.881646 11 10 3 L
0.904114 11 9 3 L
0.936737 11 10 3 L
0.969403 11 10 2 L
1.016586 11 9 2 L
1.039884 11 9 3 L
1.082171 11 10 3 L
1.111724 11 10 4 L
1.126879 11 10 3 L
1.164938 11 11 3 L
1.201630 11 10 3 L
1.232181 11 10 4 L
1.262397 11 11 4 L
1.281767 11 11 3 L
1.321795 11 10 3 L
1.353452 11 10 2 L
1.384960 11 10 1 L
1.426432 11 10 0 L
1.441758 11 11 0 L
1.461746 11 11 14 L
1.503261 11 11 0 L
1.526435 11 12 0 L
1.564749 11 13 0 L
1.612869 11 12 0 L
1.643649 11 12 1 L
1.685700 11 11 1 L
1.736302 11 10 1 L
1.775183 11 10 0 L
0.000112 7 10 13 H
0.012802 7 10 14 H
0.057315 7 10 13 H
0.068056 7 10 14 H
0.081682 7 10 13 H
0.130840 7 11 13 H
0.143791 7 10 13 H
0.193514 7 11 13 H
0.217422 7 12 13 H
0.263143 7 12 14 H
0.294565 7 12 0 H
0.328211 7 13 0 H
0.345921 7 12 0 H
0.391047 7 12 14 H
0.437957 7 12 13 H
0.479257 7 13 13 H
0.507115 7 13 14 H
0.540970 7 14 14 H
0.557948 7 14 13 H
0.600684 7 13 13 H
0.645790 7 12 13 H
0.668921 7 11 13 H
0.699661 7 11 12 H
0.737430 7 11 13 H
0.767888 7 10 13 H
0.788940 7 11 13 H
0.837302 7 12 13 H
0.881896 7 13 13 H
0.911292 7 13 12 H
0.956187 7 12 12 H
0.975461 7 11 12 H
1.008310 7 12 12 H
1.032676 7 11 12 H
1.058394 7 12 12 H
1.084273 7 11 12 H
1.100464 7 11 11 H
1.114943 7 12 11 H
1.138866 7 12 12 H
1.162097 7 12 13 H
1.174185 7 13 13 H
1.213811 7 13 12 H
1.240052 7 13 13 H
1.269555 7 14 13 H
1.296838 7 14 14 H
1.319805 7 14 13 H
1.368559 7 14 12 H
1.416936 7 0 12 H
1.435325 7 0 13 H
1.465833 7 0 14 H
1.489744 7 14 14 H
1.515759 7 0 14 H
1.553891 7 0 0 H
1.587678 7 0 1 H
1.624689 7 1 1 H
1.670274 7 0 1 H
1.708131 7 0 0 H
1.726335 7 0 14 H
1.764420 7 0 13 H
1.775085 7 14 13 H
1.800016 7 0 13 H
1.811818 7 0 14 H
0.000177 12 4 11 M
0.043536 12 5 11 M
0.066361 12 5 10 M
0.102778 12 5 9 M
0.124614 12 6 9 M
0.148848 12 7 9 M
0.174057 12 7 10 M
0.206368 12 7 11 M
0.235922 12 6 11 M
0.263134 12 7 11 M
0.289236 12 7 12 M
0.331361 12 7 13 M
0.368224 12 7 12 M
0.404753 12 7 11 M
0.419403 12 8 11 M
0.446436 12 7 11 M
0.479254 12 7 10 M
0.515493 12 7 11 M
0.548227 12 7 10 M
0.576490 12 6 10 M
0.606296 12 6 9 M
0.635047 12 7 9 M
0.651170 12 8 9 M
0.689730 12 7 9 M
0.723473 12 7 8 M
0.754802 12 8 8 M
0.783338 12 9 8 M
0.795920 12 9 7 M
0.844645 12 9 6 M
0.862438 12 9 7 M
0.893114 12 8 7 M
0.911444 12 8 8 M
0.941863 12 8 9 M
0.973953 12 9 9 M
1.016578 12 10 9 M
1.060153 12 9 9 M
1.088044 12 9 8 M
1.128565 12 10 8 M
1.177838 12 10 7 M
1.210308 12 10 8 M
1.224577 12 10 7 M
1.249757 12 11 7 M
1.286701 12 10 7 M
1.319797 12 11 7 M
1.331228 12 12 7 M
1.377700 12 13 7 M
1.391174 12 12 7 M
1.414024 12 12 8 M
1.441767 12 12 9 M
1.479877 12 11 9 M
1.523677 12 11 8 M
1.571248 12 11 9 M
1.598512 12 11 8 M
1.626425 12 12 8 M
1.643380 12 13 8 M
1.663397 12 14 8 M
1.689718 12 0 8 M
1.736293 12 0 7 M
1.769493 12 14 7 M
1.813388 12 14 8 M
1.856360 12 0 8 M
1.882704 12 14 8 M
1.926645 12 0 8 M
1.959393 12 1 8 M
1.979260 12 0 8 M
2.026071 12 1 8 M
2.076951 12 2 8 M
2.088095 12 2 7 M
2.113109 12 2 8 M
2.160009 12 1 8 M
2.201913 12 1 7 M
2.232158 12 1 8 M
2.265712 12 2 8 M
2.316712 12 2 9 M
2.357029 12 1 9 M
2.395394 12 0 9 M
2.411033 12 1 9 M
2.431037 12 1 10 M
2.471725 12 0 10 M
0.000199 1 9 9 B
0.016297 1 9 10 B
0.035088 1 8 10 B
0.053421 1 8 9 B
0.098238 1 7 9 B
0.112411 1 7 8 B
0.129602 1 6 8 B
0.169839 1 5 8 B
0.202751 1 5 7 B
0.237049 1 5 6 B
0.277683 1 5 5 B
0.316342 1 5 6 B
0.346151 1 6 6 B
0.386671 1 7 6 B
0.407843 1 7 7 B
0.434370 1 8 7 B
0.458801 1 9 7 B
0.491079 1 10 7 B
0.503906 1 10 8 B
0.537876 1 9 8 B
0.551228 1 9 9 B
0.597802 1 8 9 B
0.621247 1 8 10 B
0.653906 1 9 10 B
0.691368 1 9 11 B
0.707936 1 10 11 B
0.722971 1 10 10 B
0.737156 1 11 10 B
0.783584 1 11 9 B
0.801266 1 11 8 B
0.840218 1 11 7 B
0.879962 1 12 7 B
0.925178 1 12 6 B
0.973824 1 12 7 B
1.003052 1 13 7 B
1.048278 1 14 7 B
1.092662 1 14 6 B
1.134579 1 13 6 B
1.156069 1 14 6 B
1.198228 1 13 6 B
1.212154 1 14 6 B
1.241863 1 13 6 B
1.269552 1 13 5 B
1.300204 1 13 6 B
1.324895 1 13 7 B
1.368831 1 14 7 B
1.384690 1 13 7 B
1.434022 1 12 7 B
1.453588 1 12 8 B
1.501223 1 13 8 B
1.551000 1 13 9 B
1.569610 1 13 10 B
1.603938 1 13 11 B
1.632263 1 14 11 B
1.661075 1 0 11 B
1.701806 1 1 11 B
1.723962 1 0 11 B
1.749166 1 0 12 B
1.772367 1 1 12 B
1.820203 1 1 11 B
1.861583 1 1 12 B
1.884032 1 1 11 B
1.931963 1 1 12 B
1.949377 1 0 12 B
1.986016 1 0 11 B
2.021924 1 0 10 B
2.036228 1 0 9 B
2.057222 1 0 8 B
2.096548 1 0 7 B
2.122839 1 0 8 B
2.164417 1 0 9 B
2.191812 1 0 8 B
2.214804 1 0 9 B
2.260081 1 0 8 B
2.306835 1 1 8 B
2.348172 1 0 8 B
2.369362 1 14 8 B
2.412785 1 0 8 B
2.434141 1 14 8 B
2.455451 1 14 9 B
2.484734 1 13 9 B
0.000135 9 2 8 J
0.012819 9 3 8 J
0.050227 9 2 8 J
0.080061 9 2 7 J
0.112640 9 3 7 J
0.129360 9 2 7 J
0.158640 9 1 7 J
0.177899 9 0 7 J
0.206606 9 0 8 J
0.242593 9 0 9 J
0.256089 9 1 9 J
0.282021 9 2 9 J
0.294330 9 3 9 J
0.314237 9 2 9 J
0.360881 9 1 9 J
0.384781 9 1 8 J
0.405017 9 1 9 J
0.423137 9 0 9 J
0.449163 9 1 9 J
0.497462 9 2 9 J
0.537318 9 1 9 J
0.577740 9 0 9 J
0.602022 9 1 9 J
0.621244 9 1 10 J
0.639293 9 1 11 J
0.675508 9 1 10 J
0.696839 9 1 11 J
0.728093 9 1 10 J
0.766386 9 1 11 J
0.807695 9 1 12 J
0.824976 9 1 11 J
0.856774 9 1 12 J
0.894663 9 1 13 J
0.921238 9 1 14 J
0.932804 9 2 14 J
0.948198 9 2 0 J
0.980865 9 1 0 J
0.998425 9 1 1 J
1.039892 9 0 1 J
1.067207 9 1 1 J
1.086359 9 2 1 J
1.117032 9 2 2 J
1.140951 9 1 2 J
1.158870 9 2 2 J
1.182222 9 2 1 J
1.202167 9 1 1 J
1.218079 9 1 0 J
1.248210 9 2 0 J
1.288244 9 2 1 J
1.337064 9 2 2 J
1.374442 9 1 2 J
1.410391 9 0 2 J
1.421025 9 14 2 J
1.464176 9 14 3 J
1.481944 9 14 2 J
1.522010 9 13 2 J
1.534038 9 14 2 J
1.569601 9 14 3 J
1.602248 9 14 4 J
1.638535 9 14 5 J
1.654919 9 14 4 J
1.676446 9 0 4 J
1.687795 9 1 4 J
1.723431 9 0 4 J
1.760319 9 14 4 J
1.803065 9 14 3 J
1.850518 9 14 4 J
1.864219 9 14 5 J
1.882435 9 13 5 J
1.927779 9 14 5 J
1.971754 9 14 4 J
2.017793 9 14 3 J
2.066121 9 14 2 J
2.088091 9 13 2 J
2.119599 9 14 2 J
2.137802 9 13 2 J
2.158014 9 14 2 J
2.183743 9 13 2 J
2.194630 9 13 1 J
2.233814 9 13 0 J
2.265460 9 12 0 J
2.286904 9 13 0 J
2.304763 9 14 0 J
2.326091 9 13 0 J
2.358863 9 13 14 J
2.386276 9 13 0 J
2.408067 9 13 14 J
2.449622 9 13 13 J
2.468088 9 13 14 J
2.509415 9 13 13 J
2.549653 9 14 13 J
0.000156 10 14 6 K
0.023257 10 13 6 K
0.055291 10 12 6 K
0.068253 10 11 6 K
0.110381 10 10 6 K
0.122625 10 11 6 K
0.149073 10 10 6 K
0.179210 10 9 6 K
0.202276 10 9 7 K
0.240704 10 10 7 K
0.284209 10 11 7 K
0.327977 10 11 8 K
0.368215 10 12 8 K
0.391322 10 12 9 K
0.437707 10 13 9 K
0.461197 10 13 10 K
0.508976 10 13 9 K
0.540743 10 12 9 K
0.563470 10 12 10 K
0.602019 10 12 11 K
0.617999 10 13 11 K
0.666347 10 14 11 K
0.708174 10 13 11 K
0.730187 10 14 11 K
0.748348 10 14 10 K
0.769675 10 14 9 K
0.794270 10 14 8 K
0.837632 10 13 8 K
0.879707 10 12 8 K
0.900472 10 12 7 K
0.936615 10 12 6 K
0.960900 10 13 6 K
0.975337 10 13 5 K
1.005592 10 12 5 K
1.020847 10 12 6 K
1.064402 10 11 6 K
1.084264 10 10 6 K
1.100472 10 9 6 K
1.134327 10 9 5 K
1.155808 10 9 6 K
1.192745 10 9 5 K
1.222930 10 8 5 K
1.235910 10 7 5 K
1.279980 10 7 6 K
1.293269 10 6 6 K
1.329192 10 7 6 K
1.368839 10 6 6 K
1.418934 10 7 6 K
1.437413 10 8 6 K
1.466092 10 7 6 K
1.500707 10 7 7 K
1.550733 10 7 6 K
1.591286 10 8 6 K
1.615681 10 7 6 K
1.661329 10 8 6 K
1.682182 10 9 6 K
1.710182 10 9 5 K
1.752394 10 10 5 K
1.796456 10 9 5 K
1.815218 10 9 6 K
1.850527 10 9 7 K
1.868068 10 9 6 K
1.903230 10 8 6 K
1.916789 10 7 6 K
1.931867 10 7 5 K
1.971751 10 7 4 K
2.008901 10 8 4 K
2.036235 10 7 4 K
2.074044 10 6 4 K
2.110407 10 7 4 K
2.145563 10 7 5 K
2.182087 10 7 6 K
2.228956 10 7 7 K
2.263278 10 7 8 K
2.275649 10 7 9 K
2.316982 10 7 8 K
2.335903 10 7 7 K
2.374752 10 7 6 K
2.402305 10 7 5 K
2.443979 10 7 4 K
2.467814 10 7 3 K
2.500479 10 7 2 K
2.539718 10 8 2 K
2.582456 10 7 2 K
2.630119 10 7 1 K
2.671356 10 7 0 K
2.700270 10 7 14 K
2.715897 10 7 0 K
2.749494 10 8 0 K
2.794721 10 8 14 K
2.829859 10 9 14 K
2.862712 10 9 13 K
2.888043 10 9 12 K
2.901800 10 8 12 K
2.924668 10 8 13 K
2.946916 10 9 13 K
2.973914 10 9 14 K
0.000124 8 5 9 I
0.027888 8 6 9 I
0.055505 8 5 9 I
0.083680 8 6 9 I
0.122414 8 7 9 I
0.135681 8 6 9 I
0.163913 8 5 9 I
0.209904 8 6 9 I
0.252341 8 6 8 I
0.301620 8 7 8 I
0.321072 8 8 8 I
0.370301 8 8 9 I
0.411848 8 9 9 I
0.428373 8 8 9 I
0.456175 8 8 8 I
0.487850 8 9 8 I
0.530497 8 9 7 I
0.541447 8 10 7 I
0.588627 8 11 7 I
0.604510 8 10 7 I
0.618002 8 10 6 I
0.648484 8 10 7 I
0.696589 8 10 8 I
0.732529 8 9 8 I
0.754793 8 8 8 I
0.771342 8 8 7 I
0.797633 8 9 7 I
0.846030 8 9 6 I
0.871274 8 8 6 I
0.900102 8 7 6 I
0.925183 8 7 5 I
0.940103 8 6 5 I
0.983866 8 7 5 I
1.011828 8 8 5 I
1.056769 8 9 5 I
1.100731 8 9 6 I
1.131169 8 10 6 I
1.146197 8 10 5 I
1.162105 8 10 6 I
1.191078 8 11 6 I
1.240050 8 11 5 I
1.268026 8 10 5 I
1.288386 8 9 5 I
1.325936 8 10 5 I
1.368568 8 10 6 I
1.384952 8 9 6 I
1.433749 8 9 7 I
1.453338 8 8 7 I
1.471838 8 9 7 I
1.503531 8 10 7 I
1.545087 8 9 7 I
1.591554 8 10 7 I
1.640180 8 10 6 I
1.652885 8 9 6 I
1.665074 8 10 6 I
1.689994 8 10 5 I
1.715574 8 11 5 I
1.759055 8 11 6 I
1.788521 8 10 6 I
1.826046 8 10 5 I
1.863692 8 10 4 I
1.893769 8 10 5 I
1.930498 8 11 5 I
1.970182 8 11 6 I
2.002355 8 11 7 I
2.048209 8 11 8 I
2.084445 8 11 7 I
2.122836 8 12 7 I
2.167809 8 13 7 I
2.185382 8 13 6 I
2.234330 8 14 6 I
2.270421 8 0 6 I
2.313564 8 0 7 I
2.335894 8 0 8 I
2.377752 8 1 8 I
2.395391 8 1 7 I
2.426312 8 1 8 I
2.453462 8 2 8 I
2.487600 8 2 7 I
2.505773 8 3 7 I
2.536141 8 3 8 I
2.561182 8 4 8 I
2.584554 8 4 9 I
2.622871 8 5 9 I
2.639468 8 5 8 I
2.690205 8 6 8 I
2.701996 8 7 8 I
2.751094 8 7 7 I
2.766358 8 7 6 I
2.791179 8 8 6 I
2.818518 8 8 7 I
2.862969 8 7 7 I
2.893269 8 7 8 I
2.940016 8 6 8 I
2.955216 8 5 8 I
2.974193 8 6 8 I
