-1 15 15 15
0.000158 10 12 5 K
0.017766 10 12 6 K
0.062395 10 13 6 K
0.078861 10 12 6 K
0.095583 10 12 5 K
0.141105 10 13 5 K
0.156870 10 12 5 K
0.170909 10 12 6 K
0.203577 10 11 6 K
0.239432 10 11 7 K
0.284793 10 11 6 K
0.330460 10 12 6 K
0.356976 10 12 5 K
0.400306 10 11 5 K
0.440692 10 12 5 K
0.000214 7 13 8 H
0.029701 7 13 9 H
0.049011 7 13 10 H
0.092050 7 13 11 H
0.141113 7 13 10 H
0.184637 7 14 10 H
0.219903 7 0 10 H
0.255512 7 1 10 H
0.284789 7 1 9 H
0.328601 7 1 10 H
0.359095 7 0 10 H
0.389056 7 0 11 H
0.404053 7 0 12 H
0.430986 7 14 12 H
0.478544 7 13 12 H
0.528300 7 14 12 H
0.538536 7 14 13 H
0.552313 7 14 14 H
0.592205 7 13 14 H
0.620712 7 13 13 H
0.000241 5 1 11 F
0.031003 5 1 10 F
0.060856 5 0 10 F
0.092056 5 1 10 F
0.114050 5 1 11 F
0.151149 5 2 11 F
0.199843 5 3 11 F
0.226420 5 3 10 F
0.258544 5 4 10 F
0.275676 5 4 9 F
0.324287 5 5 9 F
0.359582 5 6 9 F
0.406093 5 6 10 F
0.448230 5 6 9 F
0.482465 5 5 9 F
0.528025 5 5 10 F
0.546496 5 5 11 F
0.576191 5 4 11 F
0.606922 5 4 10 F
0.640626 5 5 10 F
0.673691 5 5 9 F
0.718436 5 4 9 F
0.734886 5 5 9 F
0.746903 5 5 8 F
0.772658 5 6 8 F
0.798565 5 7 8 F
0.843016 5 8 8 F
0.875515 5 8 9 F
0.903513 5 8 8 F
0.915753 5 8 9 F
0.000190 3 10 10 D
0.029517 3 9 10 D
0.066906 3 8 10 D
0.114045 3 8 11 D
0.155444 3 8 12 D
0.196858 3 8 13 D
0.219908 3 8 12 D
0.237678 3 8 13 D
0.274107 3 8 12 D
0.290409 3 9 12 D
0.314405 3 9 13 D
0.351823 3 8 13 D
0.372770 3 7 13 D
0.400547 3 6 13 D
0.433997 3 6 12 D
0.460966 3 6 13 D
0.502766 3 7 13 D
0.548580 3 7 12 D
0.570430 3 8 12 D
0.599528 3 9 12 D
0.638430 3 8 12 D
0.660389 3 7 12 D
0.676953 3 6 12 D
0.708056 3 6 13 D
0.754052 3 5 13 D
0.768946 3 5 12 D
0.819095 3 5 13 D
0.843273 3 6 13 D
0.872047 3 5 13 D
0.887167 3 5 12 D
0.907207 3 6 12 D
0.919513 3 6 11 D
0.930200 3 6 10 D
0.000127 2 14 9 C
0.039440 2 14 8 C
0.082018 2 0 8 C
0.100601 2 1 8 C
0.113879 2 1 9 C
0.154891 2 0 9 C
0.190331 2 14 9 C
0.203848 2 14 10 C
0.235969 2 0 10 C
0.260090 2 14 10 C
0.295129 2 14 11 C
0.314397 2 14 12 C
0.357226 2 14 11 C
0.384830 2 0 11 C
0.423077 2 0 10 C
0.445426 2 0 9 C
0.461215 2 0 10 C
0.493848 2 0 11 C
0.517019 2 0 12 C
0.557226 2 0 13 C
0.599537 2 0 12 C
0.619028 2 14 12 C
0.664223 2 14 11 C
0.698929 2 14 10 C
0.748520 2 14 9 C
0.781134 2 0 9 C
0.816976 2 0 10 C
0.848678 2 0 11 C
0.871934 2 0 12 C
0.908918 2 0 11 C
0.931833 2 0 10 C
0.946926 2 14 10 C
0.960440 2 14 11 C
0.978648 2 14 12 C
1.024686 2 14 11 C
1.058787 2 0 11 C
0.000179 12 9 2 M
0.017897 12 8 2 M
0.052210 12 8 1 M
0.081850 12 9 1 M
0.096952 12 9 2 M
0.108582 12 9 1 M
0.135994 12 8 1 M
0.173033 12 8 2 M
0.194287 12 7 2 M
0.227767 12 6 2 M
0.253782 12 7 2 M
0.293475 12 7 1 M
0.325840 12 6 1 M
0.344021 12 6 0 M
0.359329 12 5 0 M
0.374662 12 4 0 M
0.410757 12 4 14 M
0.458936 12 5 14 M
0.482475 12 6 14 M
0.529628 12 6 13 M
0.548212 12 6 12 M
0.572078 12 6 13 M
0.597884 12 7 13 M
0.609885 12 7 14 M
0.631449 12 8 14 M
0.660607 12 8 0 M
0.683990 12 9 0 M
0.732677 12 8 0 M
0.780353 12 9 0 M
0.805042 12 9 1 M
0.848426 12 8 1 M
0.872049 12 8 2 M
0.888360 12 7 2 M
0.919620 12 8 2 M
0.951610 12 9 2 M
0.999117 12 9 1 M
1.040931 12 8 1 M
1.057113 12 8 2 M
1.080952 12 8 1 M
1.113451 12 9 1 M
1.135205 12 9 0 M
1.151257 12 9 1 M
1.178045 12 8 1 M
1.208762 12 7 1 M
1.221699 12 6 1 M
1.248591 12 6 2 M
0.000202 6 7 3 G
0.040978 6 6 3 G
0.066580 6 6 4 G
0.084901 6 6 3 G
0.098771 6 6 4 G
0.136674 6 5 4 G
0.155437 6 6 4 G
0.194024 6 7 4 G
0.209858 6 8 4 G
0.256879 6 9 4 G
0.297066 6 8 4 G
0.309327 6 8 5 G
0.354941 6 8 6 G
0.398681 6 8 5 G
0.445210 6 7 5 G
0.493622 6 6 5 G
0.517297 6 5 5 G
0.555897 6 4 5 G
0.596420 6 4 4 G
0.620451 6 4 5 G
0.669935 6 5 5 G
0.685306 6 6 5 G
0.702967 6 5 5 G
0.714128 6 6 5 G
0.741144 6 6 6 G
0.772385 6 6 5 G
0.816986 6 7 5 G
0.843537 6 8 5 G
0.880854 6 8 6 G
0.911877 6 8 7 G
0.926492 6 7 7 G
0.967861 6 8 7 G
0.990267 6 8 8 G
1.010881 6 8 7 G
1.044449 6 9 7 G
1.085847 6 10 7 G
1.122657 6 9 7 G
1.137912 6 10 7 G
1.151535 6 10 6 G
1.197819 6 9 6 G
1.223357 6 10 6 G
1.239501 6 9 6 G
1.283887 6 10 6 G
1.304848 6 9 6 G
1.334074 6 10 6 G
1.361964 6 9 6 G
1.383133 6 10 6 G
0.000176 8 1 13 I
0.020633 8 1 12 I
0.035794 8 1 11 I
0.068719 8 1 10 I
0.085239 8 1 11 I
0.134364 8 1 10 I
0.175244 8 2 10 I
0.219888 8 3 10 I
0.253564 8 3 11 I
0.301874 8 3 12 I
0.324536 8 3 13 I
0.372528 8 3 14 I
0.406086 8 3 13 I
0.443659 8 4 13 I
0.465153 8 4 14 I
0.491694 8 5 14 I
0.529618 8 5 13 I
0.552034 8 5 14 I
0.601628 8 6 14 I
0.616934 8 5 14 I
0.662097 8 5 0 I
0.689488 8 6 0 I
0.706401 8 6 1 I
0.719768 8 7 1 I
0.770287 8 7 2 I
0.791059 8 7 1 I
0.810629 8 7 2 I
0.843007 8 7 1 I
0.877032 8 6 1 I
0.904788 8 6 0 I
0.935788 8 5 0 I
0.970940 8 6 0 I
0.986862 8 5 0 I
1.008818 8 4 0 I
1.059055 8 4 14 I
1.100819 8 5 14 I
1.115350 8 6 14 I
1.163183 8 5 14 I
1.191702 8 5 13 I
1.204591 8 4 13 I
1.249506 8 3 13 I
1.266960 8 3 12 I
1.314296 8 3 11 I
1.344181 8 4 11 I
1.370583 8 5 11 I
1.416336 8 5 10 I
1.443485 8 6 10 I
1.476474 8 5 10 I
1.506459 8 5 11 I
1.529743 8 4 11 I
1.543919 8 4 12 I
1.563429 8 3 12 I
0.000079 14 8 7 O
0.017888 14 8 6 O
0.043849 14 8 7 O
0.090502 14 9 7 O
0.105102 14 9 8 O
0.148983 14 9 7 O
0.160264 14 8 7 O
0.208471 14 8 6 O
0.225044 14 8 5 O
0.255620 14 9 5 O
0.303826 14 9 6 O
0.342000 14 9 5 O
0.361930 14 9 6 O
0.402426 14 10 6 O
0.426609 14 9 6 O
0.440684 14 10 6 O
0.471001 14 11 6 O
0.504750 14 11 7 O
0.538214 14 12 7 O
0.560656 14 12 8 O
0.593926 14 13 8 O
0.638963 14 13 9 O
0.683999 14 12 9 O
0.698650 14 13 9 O
0.747046 14 12 9 O
0.783258 14 13 9 O
0.819357 14 13 10 O
0.853646 14 13 9 O
0.867542 14 13 8 O
0.889700 14 12 8 O
0.930196 14 12 7 O
0.955010 14 13 7 O
0.985357 14 14 7 O
1.016925 14 13 7 O
1.046146 14 13 6 O
1.063691 14 13 5 O
1.113460 14 13 4 O
1.155970 14 13 3 O
1.198069 14 13 2 O
1.248885 14 14 2 O
1.290298 14 0 2 O
1.306906 14 0 3 O
1.348028 14 0 2 O
1.388381 14 14 2 O
1.425812 14 14 3 O
1.443733 14 14 2 O
1.477827 14 14 3 O
1.496889 14 14 2 O
1.529740 14 14 1 O
1.543929 14 14 0 O
1.590081 14 0 0 O
1.619895 14 0 1 O
1.660926 14 0 0 O
1.703804 14 1 0 O
1.749215 14 2 0 O
1.770147 14 3 0 O
1.809125 14 4 0 O
1.837805 14 4 14 O
1.856474 14 4 0 O
1.881090 14 4 14 O
1.928089 14 3 14 O
1.962008 14 2 14 O
1.994855 14 2 13 O
2.028549 14 3 13 O
2.044856 14 3 14 O
2.082357 14 3 13 O
2.108955 14 3 14 O
0.000105 0 8 10 A
0.039125 0 7 10 A
0.052004 0 7 9 A
0.100595 0 7 10 A
0.113873 0 6 10 A
0.152795 0 6 11 A
0.201472 0 7 11 A
0.249683 0 6 11 A
0.281569 0 6 10 A
0.305270 0 6 11 A
0.318006 0 7 11 A
0.344009 0 7 10 A
0.388809 0 6 10 A
0.400553 0 6 9 A
0.426427 0 6 10 A
0.449572 0 7 10 A
0.463121 0 8 10 A
0.493611 0 8 11 A
0.543949 0 8 12 A
0.560385 0 8 11 A
0.587740 0 9 11 A
0.626538 0 10 11 A
0.656914 0 10 12 A
0.669679 0 11 12 A
0.695870 0 11 11 A
0.718169 0 12 11 A
0.757662 0 13 11 A
0.780890 0 13 10 A
0.801392 0 13 9 A
0.840942 0 14 9 A
0.888357 0 14 8 A
0.908915 0 0 8 A
0.946933 0 1 8 A
0.996766 0 2 8 A
1.016267 0 1 8 A
1.038849 0 1 7 A
1.080709 0 1 6 A
1.096475 0 1 7 A
1.108997 0 1 8 A
1.139308 0 1 9 A
1.173483 0 1 10 A
1.191419 0 1 11 A
1.208506 0 2 11 A
1.258271 0 1 11 A
1.281789 0 0 11 A
1.318440 0 0 12 A
1.330201 0 14 12 A
1.372686 0 14 11 A
1.412007 0 0 11 A
1.452011 0 0 12 A
1.484933 0 1 12 A
1.531590 0 1 11 A
1.555910 0 0 11 A
1.591843 0 1 11 A
1.638551 0 1 10 A
1.653408 0 2 10 A
1.676595 0 2 9 A
1.705442 0 1 9 A
1.749223 0 2 9 A
1.793104 0 2 8 A
1.816848 0 2 9 A
1.830459 0 2 10 A
1.865816 0 3 10 A
1.881080 0 4 10 A
1.911565 0 4 9 A
1.924422 0 5 9 A
1.957861 0 5 8 A
2.001938 0 6 8 A
2.026952 0 6 9 A
2.065886 0 5 9 A
2.089444 0 6 9 A
2.134103 0 6 10 A
2.175769 0 6 11 A
2.209879 0 6 12 A
2.235086 0 5 12 A
2.247562 0 5 13 A
2.271740 0 6 13 A
2.300307 0 7 13 A
2.342081 0 7 14 A
2.384776 0 7 0 A
2.403948 0 8 0 A
2.415553 0 9 0 A
0.000115 1 9 1 B
0.050355 1 9 2 B
0.098765 1 9 1 B
0.136003 1 8 1 B
0.158204 1 8 2 B
0.198517 1 7 2 B
0.225207 1 8 2 B
0.266350 1 7 2 B
0.316021 1 8 2 B
0.344250 1 9 2 B
0.385312 1 8 2 B
0.429539 1 8 3 B
0.453098 1 8 2 B
0.467197 1 8 1 B
0.491682 1 7 1 B
0.513172 1 8 1 B
0.532850 1 9 1 B
0.557234 1 8 1 B
0.572069 1 8 0 B
0.605275 1 7 0 B
0.629697 1 7 1 B
0.678890 1 7 0 B
0.721410 1 7 1 B
0.734877 1 7 2 B
0.753007 1 7 3 B
0.780624 1 7 2 B
0.811992 1 8 2 B
0.831182 1 9 2 B
0.847056 1 9 1 B
0.865860 1 10 1 B
0.889802 1 10 2 B
0.910142 1 9 2 B
0.945672 1 10 2 B
0.958775 1 11 2 B
0.973769 1 10 2 B
0.987107 1 11 2 B
1.016935 1 11 1 B
1.046133 1 12 1 B
1.079296 1 12 2 B
1.102923 1 13 2 B
1.115616 1 14 2 B
1.133774 1 14 1 B
1.160689 1 14 2 B
1.195708 1 14 1 B
1.244395 1 0 1 B
1.276237 1 14 1 B
1.290570 1 14 0 B
1.314032 1 14 1 B
1.334084 1 13 1 B
1.367639 1 12 1 B
1.399188 1 12 0 B
1.432570 1 12 1 B
1.445120 1 13 1 B
1.460708 1 13 2 B
1.493671 1 14 2 B
1.529454 1 14 3 B
1.568068 1 0 3 B
1.613452 1 1 3 B
1.628907 1 0 3 B
1.665276 1 0 4 B
1.705343 1 14 4 B
1.734354 1 14 5 B
1.764522 1 14 6 B
1.798395 1 0 6 B
1.847193 1 14 6 B
1.888901 1 0 6 B
1.901643 1 0 7 B
1.919088 1 0 6 B
1.929557 1 0 5 B
1.953845 1 14 5 B
1.972533 1 14 4 B
2.014112 1 0 4 B
2.050096 1 1 4 B
2.071920 1 1 3 B
2.119545 1 1 4 B
2.140716 1 1 3 B
2.164340 1 2 3 B
2.201605 1 2 2 B
2.214941 1 3 2 B
2.230128 1 3 1 B
2.249946 1 2 1 B
2.273076 1 1 1 B
2.303739 1 1 2 B
2.337716 1 1 1 B
2.362942 1 0 1 B
2.404188 1 0 0 B
2.419859 1 1 0 B
2.432071 1 1 1 B
2.466898 1 2 1 B
2.485032 1 2 2 B
2.521608 1 2 1 B
0.000202 4 4 0 E
0.039698 4 4 1 E
0.073693 4 3 1 E
0.115780 4 2 1 E
0.126705 4 2 0 E
0.169261 4 3 0 E
0.209869 4 4 0 E
0.223775 4 4 1 E
0.234506 4 3 1 E
0.246851 4 4 1 E
0.264425 4 4 0 E
0.281700 4 5 0 E
0.329084 4 6 0 E
0.359558 4 6 1 E
0.397239 4 5 1 E
0.443444 4 5 2 E
0.475389 4 4 2 E
0.491698 4 4 3 E
0.524377 4 4 4 E
0.569090 4 4 5 E
0.604745 4 3 5 E
0.636768 4 4 5 E
0.681259 4 4 4 E
0.714137 4 4 5 E
0.748787 4 4 4 E
0.768954 4 4 5 E
0.780631 4 4 6 E
0.819087 4 3 6 E
0.845682 4 4 6 E
0.880734 4 4 5 E
0.900199 4 5 5 E
0.949996 4 6 5 E
0.998842 4 7 5 E
1.018830 4 7 4 E
1.059544 4 6 4 E
1.093684 4 7 4 E
1.122121 4 7 3 E
1.144962 4 7 2 E
1.181448 4 7 1 E
1.215243 4 7 2 E
1.264985 4 8 2 E
1.288251 4 8 3 E
1.304859 4 9 3 E
1.325823 4 9 2 E
1.374344 4 8 2 E
1.392439 4 8 1 E
1.438082 4 9 1 E
1.453676 4 9 0 E
1.477815 4 10 0 E
1.492029 4 10 14 E
1.529732 4 10 0 E
1.564440 4 10 14 E
1.583925 4 10 13 E
1.605389 4 11 13 E
1.636859 4 10 13 E
1.655622 4 11 13 E
1.703807 4 10 13 E
1.714322 4 9 13 E
1.728153 4 9 14 E
1.772234 4 9 13 E
1.795141 4 8 13 E
1.819160 4 9 13 E
1.841326 4 9 12 E
1.875405 4 9 13 E
1.909359 4 10 13 E
1.955390 4 9 13 E
1.970868 4 10 13 E
1.985737 4 11 13 E
2.025200 4 10 13 E
2.052190 4 10 14 E
2.089452 4 10 0 E
2.119536 4 9 0 E
2.140706 4 10 0 E
2.155469 4 9 0 E
2.167428 4 8 0 E
2.188745 4 8 14 E
2.226328 4 7 14 E
2.260318 4 6 14 E
2.306195 4 5 14 E
2.356350 4 6 14 E
2.381662 4 6 0 E
2.427874 4 6 14 E
2.457681 4 7 14 E
2.481337 4 6 14 E
2.507420 4 6 0 E
2.555544 4 5 0 E
0.000137 9 9 3 J
0.029699 9 10 3 J
0.079026 9 11 3 J
0.102141 9 11 4 J
0.149251 9 10 4 J
0.194016 9 10 3 J
0.227640 9 9 3 J
0.244143 9 8 3 J
0.264321 9 7 3 J
0.303369 9 7 4 J
0.316013 9 7 3 J
0.344256 9 6 3 J
0.356983 9 6 2 J
0.397092 9 6 3 J
0.412397 9 6 4 J
0.443653 9 6 3 J
0.478536 9 6 4 J
0.495174 9 6 5 J
0.543959 9 5 5 J
0.575923 9 5 6 J
0.603278 9 5 7 J
0.640613 9 4 7 J
0.669428 9 5 7 J
0.706410 9 4 7 J
0.751297 9 4 6 J
0.774710 9 5 6 J
0.788069 9 5 5 J
0.815190 9 4 5 J
0.858351 9 4 4 J
0.904791 9 5 4 J
0.935792 9 4 4 J
0.966242 9 4 5 J
0.990013 9 4 6 J
1.014597 9 4 5 J
1.055320 9 4 6 J
1.082697 9 3 6 J
1.124709 9 3 5 J
1.169366 9 3 4 J
1.189302 9 4 4 J
1.216872 9 4 5 J
1.241140 9 5 5 J
1.263333 9 5 6 J
1.287959 9 6 6 J
1.321689 9 5 6 J
1.339281 9 5 7 J
1.359882 9 6 7 J
1.388116 9 5 7 J
1.410334 9 6 7 J
1.424164 9 7 7 J
1.437808 9 7 6 J
1.453843 9 8 6 J
1.484643 9 9 6 J
1.531058 9 8 6 J
1.552973 9 9 6 J
1.596488 9 8 6 J
1.635186 9 9 6 J
1.646064 9 9 7 J
1.686994 9 8 7 J
1.722594 9 7 7 J
1.768499 9 7 8 J
1.817110 9 7 7 J
1.836198 9 8 7 J
1.879414 9 8 8 J
1.909400 9 8 9 J
1.939630 9 9 9 J
1.985983 9 10 9 J
2.000392 9 10 10 J
2.047087 9 11 10 J
2.085611 9 12 10 J
2.128002 9 12 11 J
2.167168 9 11 11 J
2.210160 9 11 10 J
2.221619 9 10 10 J
2.235267 9 11 10 J
2.251093 9 12 10 J
2.297860 9 11 10 J
2.348758 9 12 10 J
2.384982 9 11 10 J
2.432064 9 11 9 J
2.453507 9 10 9 J
2.497753 9 10 10 J
2.510706 9 9 10 J
2.530187 9 9 9 J
2.547646 9 8 9 J
2.568577 9 9 9 J
2.599613 9 9 10 J
2.616423 9 8 10 J
0.000169 11 2 3 L
0.047815 11 2 2 L
0.086789 11 3 2 L
0.132725 11 2 2 L
0.178377 11 2 3 L
0.223937 11 2 2 L
0.239221 11 1 2 L
0.264317 11 1 3 L
0.281572 11 1 2 L
0.321164 11 2 2 L
0.356986 11 3 2 L
0.378196 11 2 2 L
0.414418 11 3 2 L
0.458944 11 3 1 L
0.473785 11 4 1 L
0.504994 11 4 2 L
0.554246 11 5 2 L
0.594455 11 5 3 L
0.610155 11 5 4 L
0.631724 11 5 5 L
0.673702 11 4 5 L
0.689768 11 3 5 L
0.732942 11 3 4 L
0.765913 11 2 4 L
0.796468 11 2 3 L
0.810345 11 2 2 L
0.840950 11 3 2 L
0.875612 11 3 1 L
0.919518 11 3 2 L
0.966256 11 4 2 L
1.012928 11 5 2 L
1.038837 11 5 1 L
1.077495 11 4 1 L
1.104992 11 5 1 L
1.144954 11 6 1 L
1.171469 11 5 1 L
1.221689 11 4 1 L
1.259914 11 5 1 L
1.290578 11 5 0 L
1.330211 11 5 1 L
1.374614 11 6 1 L
1.395682 11 5 1 L
1.406490 11 5 0 L
1.450366 11 4 0 L
1.476202 11 3 0 L
1.508118 11 3 1 L
1.542247 11 4 1 L
1.568476 11 4 0 L
1.591605 11 4 14 L
1.619616 11 5 14 L
1.658834 11 4 14 L
1.687264 11 4 0 L
1.722702 11 5 0 L
1.750847 11 5 14 L
1.768508 11 6 14 L
1.811734 11 6 13 L
1.841055 11 5 13 L
1.870287 11 5 14 L
1.894315 11 5 0 L
1.906054 11 4 0 L
1.920618 11 4 1 L
1.948271 11 4 2 L
1.959393 11 4 3 L
1.990152 11 3 3 L
2.025189 11 3 2 L
2.038610 11 2 2 L
2.067529 11 2 1 L
2.099195 11 1 1 L
2.142754 11 0 1 L
2.160776 11 0 0 L
2.206434 11 1 0 L
2.241099 11 1 1 L
2.284419 11 1 0 L
2.301569 11 1 1 L
2.315506 11 0 1 L
2.337721 11 14 1 L
2.384975 11 14 2 L
2.424165 11 14 1 L
2.446184 11 0 1 L
2.462853 11 0 2 L
2.510704 11 0 3 L
2.547413 11 1 3 L
2.563473 11 1 4 L
2.608239 11 1 3 L
2.638587 11 2 3 L
2.679677 11 2 2 L
2.701997 11 2 3 L
2.732864 11 1 3 L
2.765371 11 1 2 L
2.795425 11 2 2 L
2.842725 11 2 3 L
2.893161 11 1 3 L
0.000190 13 14 13 N
0.047685 13 14 14 N
0.076174 13 14 0 N
0.095421 13 14 1 N
0.140836 13 14 0 N
0.154901 13 0 0 N
0.166113 13 1 0 N
0.203586 13 1 1 N
0.237675 13 2 1 N
0.264568 13 3 1 N
0.284641 13 2 1 N
0.303833 13 2 0 N
0.335791 13 2 14 N
0.353326 13 1 14 N
0.382817 13 2 14 N
0.397100 13 1 14 N
0.439396 13 2 14 N
0.463113 13 1 14 N
0.488899 13 1 13 N
0.502340 13 0 13 N
0.538206 13 14 13 N
0.572082 13 13 13 N
0.614967 13 12 13 N
0.629706 13 12 12 N
0.678607 13 13 12 N
0.709695 13 13 13 N
0.732686 13 12 13 N
0.753553 13 12 14 N
0.768694 13 13 14 N
0.812243 13 13 0 N
0.834816 13 12 0 N
0.859894 13 12 14 N
0.890877 13 12 0 N
0.919517 13 12 1 N
0.966253 13 12 2 N
1.004729 13 11 2 N
1.033932 13 11 1 N
1.063399 13 11 0 N
1.109531 13 11 14 N
1.157539 13 11 0 N
1.197810 13 10 0 N
1.213816 13 9 0 N
1.229195 13 10 0 N
1.255240 13 10 14 N
1.298529 13 11 14 N
1.340920 13 12 14 N
1.361954 13 13 14 N
1.398910 13 12 14 N
1.422051 13 12 13 N
1.434682 13 11 13 N
1.474588 13 11 12 N
1.489961 13 10 12 N
1.501935 13 10 11 N
1.515175 13 10 12 N
1.534406 13 11 12 N
1.575798 13 11 11 N
1.600198 13 10 11 N
1.633326 13 10 10 N
1.680234 13 10 9 N
1.726385 13 10 10 N
1.755256 13 10 11 N
1.793096 13 9 11 N
1.811196 13 9 12 N
1.825226 13 8 12 N
1.865562 13 7 12 N
1.886622 13 6 12 N
1.933785 13 6 13 N
1.951023 13 6 14 N
1.980112 13 6 13 N
2.012563 13 7 13 N
2.027180 13 7 14 N
2.058039 13 7 0 N
2.089172 13 8 0 N
2.127735 13 8 1 N
2.168790 13 8 2 N
2.183345 13 9 2 N
2.206966 13 9 1 N
2.236753 13 10 1 N
2.273158 13 10 2 N
2.284508 13 10 1 N
2.335067 13 10 0 N
2.383215 13 10 1 N
2.416748 13 11 1 N
2.459697 13 11 0 N
2.502694 13 11 1 N
2.552058 13 10 1 N
2.599604 13 10 2 N
2.639938 13 11 2 N
2.668932 13 11 1 N
2.681753 13 11 0 N
2.717923 13 11 14 N
2.738829 13 12 14 N
2.783149 13 12 0 N
2.819577 13 12 14 N
2.839502 13 12 13 N
2.871910 13 12 14 N
2.896200 13 11 14 N
2.944102 13 11 0 N
2.956819 13 11 1 N
