-1  30  15  15
 0.000000000  13  2  11  N
 0.004354129  13  2  11  n
 0.000000000  20  7  11  U
 0.004967434  20  7  12  U
 0.029549646  20  8  12  U
 0.056756554  20  8  12  u
 0.000000000  17  9  0  R
 0.004679779  17  9  1  R
 0.055163899  17  9  1  r
 0.000000000  5  12  2  F
 0.003791416  5  12  1  F
 0.050161170  5  11  1  F
 0.063593700  5  10  1  F
 0.076573500  5  10  1  f
 0.000000000  0  4  2  A
 0.003364082  0  5  2  A
 0.034767842  0  5  1  A
 0.047291312  0  5  2  A
 0.059125988  0  4  2  A
 0.081301971  0  4  3  A
 0.099894206  0  5  3  A
 0.126979232  0  6  3  A
 0.146076889  0  5  3  A
 0.160274001  0  5  4  A
 0.179279072  0  6  4  A
 0.223477261  0  5  4  A
 0.246571202  0  4  4  A
 0.282864110  0  5  4  A
 0.324603477  0  4  4  A
 0.373418355  0  3  4  A
 0.000000000  25  0  0  Z
 0.005400268  25  14  0  Z
 0.033498138  25  13  0  Z
 0.073869116  25  13  14  Z
 0.089404622  25  14  14  Z
 0.120014205  25  13  14  Z
 0.149421174  25  14  14  Z
 0.188116911  25  14  0  Z
 0.207267959  25  14  1  Z
 0.232252609  25  0  1  Z
 0.279635807  25  0  2  Z
 0.316969054  25  0  1  Z
 0.382093918  25  0  0  Z
 0.399663510  25  1  0  Z
 0.411833435  25  1  14  Z
 0.426463380  25  2  14  Z
 0.465152018  25  1  14  Z
 0.477901954  25  0  14  Z
 0.000000000  12  8  7  M
 0.004265143  12  8  8  M
 0.041848051  12  8  9  M
 0.061593008  12  8  10  M
 0.107524830  12  7  10  M
 0.118325666  12  6  10  M
 0.143012361  12  6  11  M
 0.165700765  12  7  11  M
 0.177579834  12  7  10  M
 0.215023164  12  7  9  M
 0.233561207  12  7  10  M
 0.250557488  12  6  10  M
 0.261277836  12  6  9  M
 0.291674852  12  6  8  M
 0.310126108  12  6  7  M
 0.320681382  12  6  8  M
 0.365791830  12  7  8  M
 0.389091540  12  7  7  M
 0.409062262  12  7  7  m
 0.000000000  21  2  5  V
 0.005058120  21  2  6  V
 0.017084667  21  2  7  V
 0.028756968  21  2  6  V
 0.068787800  21  1  6  V
 0.086835918  21  1  5  V
 0.118529634  21  1  6  V
 0.162076223  21  1  5  V
 0.198178960  21  1  6  V
 0.238481049  21  1  7  V
 0.253167886  21  1  8  V
 0.296958038  21  1  9  V
 0.342024793  21  2  9  V
 0.364564719  21  2  8  V
 0.381066176  21  1  8  V
 0.423001614  21  1  9  V
 0.448005561  21  1  8  V
 0.466461917  21  0  8  V
 0.511635155  21  0  8  v
 0.000000000  22  12  12  W
 0.005155605  22  12  11  W
 0.024923759  22  12  12  W
 0.068935177  22  12  13  W
 0.110113331  22  13  13  W
 0.142373960  22  12  13  W
 0.159185869  22  11  13  W
 0.170843772  22  10  13  W
 0.203357462  22  9  13  W
 0.244529317  22  10  13  W
 0.275613727  22  11  13  W
 0.305087985  22  11  14  W
 0.317480175  22  11  0  W
 0.355326443  22  12  0  W
 0.395246091  22  12  14  W
 0.433092859  22  12  0  W
 0.468342027  22  12  14  W
 0.506368167  22  12  0  W
 0.533759246  22  13  0  W
 0.551608995  22  12  0  W
 0.566539894  22  12  1  W
 0.600334586  22  12  1  w
 0.000000000  1  2  3  B
 0.003427372  1  2  4  B
 0.026759476  1  2  3  B
 0.041232646  1  1  3  B
 0.080113654  1  0  3  B
 0.107648611  1  0  4  B
 0.120067297  1  0  3  B
 0.155872879  1  1  3  B
 0.187219049  1  1  4  B
 0.223856803  1  1  3  B
 0.244375741  1  1  2  B
 0.292610308  1  1  1  B
 0.312283476  1  0  1  B
 0.334464058  1  1  1  B
 0.382080520  1  0  1  B
 0.447521735  1  14  1  B
 0.496708056  1  14  2  B
 0.520049059  1  13  2  B
 0.555097757  1  13  1  B
 0.578186999  1  12  1  B
 0.875444891  1  11  1  B
 0.894752316  1  11  2  B
 0.925782034  1  11  3  B
 0.941767870  1  11  2  B
 0.000000000  15  14  4  P
 0.004494307  15  14  5  P
 0.022268368  15  14  4  P
 0.062194416  15  13  4  P
 0.084986003  15  14  4  P
 0.096392646  15  0  4  P
 0.155927371  15  0  5  P
 0.199010332  15  0  6  P
 0.232822321  15  0  7  P
 0.250557588  15  14  7  P
 0.291430290  15  14  8  P
 0.313113948  15  14  7  P
 0.329170674  15  14  8  P
 0.359182549  15  14  7  P
 0.389302107  15  13  7  P
 0.438863670  15  14  7  P
 0.451819173  15  14  8  P
 0.473107792  15  0  8  P
 0.495391958  15  0  7  P
 0.511589062  15  0  8  P
 0.783686631  15  0  8  p
 0.000000000  10  11  2  K
 0.004132763  10  10  2  K
 0.023573867  10  9  2  K
 0.068151398  10  9  1  K
 0.349547933  10  9  2  K
 0.388315759  10  10  2  K
 0.435023261  10  10  1  K
 0.448613767  10  10  2  K
 0.496367308  10  10  1  K
 0.530519645  10  9  1  K
 0.541370773  10  9  0  K
 0.583124339  10  8  0  K
 0.614771062  10  9  0  K
 0.662044977  10  8  0  K
 0.697824063  10  7  0  K
 0.710128367  10  7  14  K
 0.738673368  10  8  14  K
 0.776173089  10  8  13  K
 0.790406296  10  9  13  K
 0.820811610  10  9  13  k
 0.000000000  4  9  3  E
 0.003716027  4  10  3  E
 0.020187589  4  9  3  E
 0.042614433  4  8  3  E
 0.092514643  4  7  3  E
 0.120743593  4  8  3  E
 0.140899487  4  7  3  E
 0.186812711  4  6  3  E
 0.227942473  4  5  3  E
 0.247910496  4  5  2  E
 0.291885919  4  5  1  E
 0.324447701  4  5  0  E
 0.364219972  4  5  14  E
 0.377209471  4  5  13  E
 0.390967850  4  6  13  E
 0.422830040  4  6  12  E
 0.471720306  4  5  12  E
 0.487638853  4  5  11  E
 0.515569149  4  4  11  E
 0.562275851  4  3  11  E
 0.578018125  4  4  11  E
 0.595634211  4  4  12  E
 0.611781622  4  5  12  E
 0.642601973  4  4  12  E
 0.680630213  4  4  13  E
 0.736228645  4  3  13  E
 0.757768225  4  3  14  E
 0.781080233  4  3  13  E
 0.799274729  4  3  14  E
 0.839472234  4  3  14  e
 0.000000000  18  1  3  S
 0.004761066  18  1  4  S
 0.023065346  18  2  4  S
 0.041242044  18  3  4  S
 0.064918196  18  2  4  S
 0.090296285  18  3  4  S
 0.105275177  18  4  4  S
 0.151119212  18  4  3  S
 0.199563647  18  4  4  S
 0.223493459  18  4  3  S
 0.262954778  18  4  4  S
 0.324663268  18  4  5  S
 0.373364763  18  5  5  S
 0.394972333  18  5  6  S
 0.443135011  18  4  6  S
 0.484947268  18  3  6  S
 0.505328927  18  2  6  S
 0.516705774  18  2  7  S
 0.539225703  18  3  7  S
 0.566256838  18  3  8  S
 0.589934889  18  3  9  S
 0.625768467  18  4  9  S
 0.643718701  18  4  10  S
 0.657563967  18  4  11  S
 0.700242690  18  4  10  S
 0.721032686  18  5  10  S
 0.769360739  18  4  10  S
 0.787189491  18  4  11  S
 0.807662836  18  3  11  S
 0.853865416  18  2  11  S
 0.894876096  18  2  12  S
 0.911515732  18  1  12  S
 0.930911043  18  2  12  S
 0.951935004  18  2  11  S
 0.982745955  18  1  11  S
 1.021305913  18  2  11  S
 1.039219653  18  1  11  S
 1.074676289  18  2  11  S
 0.000000000  7  6  2  H
 0.003907698  7  7  2  H
 0.055571136  7  6  2  H
 0.095330309  7  6  1  H
 0.132512379  7  7  1  H
 0.154873633  7  7  2  H
 0.167805341  7  8  2  H
 0.195334498  7  9  2  H
 0.349571930  7  9  3  H
 0.360604430  7  9  4  H
 0.410622022  7  8  4  H
 0.455956835  7  8  5  H
 0.491318086  7  9  5  H
 0.509327911  7  9  6  H
 0.529992626  7  9  7  H
 0.565452262  7  9  8  H
 0.602578341  7  10  8  H
 0.634896860  7  9  8  H
 0.647846865  7  8  8  H
 0.680734097  7  7  8  H
 0.745154469  7  6  8  H
 0.787227685  7  7  8  H
 0.813755098  7  6  8  H
 0.858685574  7  6  8  h
 0.000000000  19  2  1  T
 0.004842154  19  2  2  T
 0.034569373  19  2  1  T
 0.121701945  19  2  0  T
 0.144588318  19  1  0  T
 0.207131180  19  1  1  T
 0.221429677  19  0  1  T
 0.235742071  19  0  0  T
 0.279622209  19  14  0  T
 0.302302614  19  14  1  T
 0.351479736  19  0  1  T
 0.399674009  19  0  0  T
 0.447509637  19  0  1  T
 0.496720654  19  0  2  T
 0.514822764  19  1  2  T
 0.554323277  19  0  2  T
 0.576266395  19  14  2  T
 0.589316984  19  13  2  T
 0.631393300  19  13  3  T
 0.664345022  19  14  3  T
 0.709806016  19  0  3  T
 0.750300076  19  1  3  T
 0.791653803  19  0  3  T
 0.823811548  19  1  3  T
 0.862065253  19  1  2  T
 0.877148228  19  0  2  T
 0.908039168  19  0  3  T
 0.961055498  19  0  2  T
 0.983371959  19  0  2  t
 0.000000000  11  7  7  L
 0.004195553  11  7  6  L
 0.022366253  11  7  7  L
 0.071954012  11  6  7  L
 0.105472946  11  6  8  L
 0.136327991  11  6  7  L
 0.165167547  11  5  7  L
 0.209422927  11  5  6  L
 0.221107427  11  5  7  L
 0.245564358  11  5  8  L
 0.278040353  11  5  7  L
 0.325249678  11  6  7  L
 0.365840723  11  7  7  L
 0.397055112  11  7  6  L
 0.409050264  11  7  7  L
 0.670476377  11  7  8  L
 0.704873677  11  7  7  L
 0.745142171  11  8  7  L
 0.792067940  11  8  8  L
 0.822652926  11  7  8  L
 0.858695772  11  6  8  L
 1.135410529  11  7  8  L
 1.174034777  11  8  8  L
 1.196456022  11  9  8  L
 1.245756025  11  10  8  L
 1.268817871  11  9  8  L
 1.297279785  11  10  8  L
 1.309969329  11  10  8  l
 0.000000000  26  0  11  [
 0.005476756  26  14  11  [
 0.038775525  26  13  11  [
 0.085837272  26  13  10  [
 0.134815924  26  12  10  [
 0.168348557  26  12  11  [
 0.216258374  26  12  10  [
 0.231801679  26  11  10  [
 0.253115494  26  11  11  [
 0.282734030  26  11  10  [
 0.296472313  26  10  10  [
 0.329663198  26  9  10  [
 0.359128157  26  9  11  [
 0.407549495  26  9  12  [
 0.424225025  26  8  12  [
 0.461170332  26  8  11  [
 0.496237428  26  7  11  [
 0.510950261  26  7  10  [
 0.539013736  26  7  11  [
 0.565273089  26  7  12  [
 0.613869101  26  7  11  [
 0.640695167  26  6  11  [
 0.685023236  26  5  11  [
 0.696317995  26  5  10  [
 0.727658365  26  6  10  [
 0.769346541  26  6  9  [
 0.784473610  26  6  10  [
 0.814909420  26  7  10  [
 0.825989812  26  8  10  [
 0.876032200  26  9  10  [
 0.900059798  26  10  10  [
 0.942602642  26  10  9  [
 0.961351852  26  10  8  [
 0.986674950  26  10  9  [
 1.031849088  26  9  9  [
 1.076927142  26  8  9  [
 1.123823715  26  9  9  [
 1.168841477  26  9  8  [
 1.197729926  26  9  7  [
 1.245706532  26  9  6  [
 1.271438167  26  9  7  [
 1.289802437  26  9  8  [
 1.319901699  26  10  8  [
 1.579679266  26  9  8  [
 1.604199787  26  10  8  [
 0.000000000  16  8  0  Q
 0.004596992  16  7  0  Q
 0.049138028  16  7  14  Q
 0.088464867  16  8  14  Q
 0.100611495  16  7  14  Q
 0.140904386  16  7  0  Q
 0.161697582  16  8  0  Q
 0.182015351  16  7  0  Q
 0.228463693  16  7  1  Q
 0.270087379  16  7  2  Q
 0.287774353  16  7  1  Q
 0.324249832  16  6  1  Q
 0.360044616  16  6  2  Q
 0.377831475  16  6  3  Q
 0.405188059  16  6  4  Q
 0.420202345  16  5  4  Q
 0.441115223  16  5  5  Q
 0.475819275  16  5  6  Q
 0.522972608  16  6  6  Q
 0.533178135  16  7  6  Q
 0.670517971  16  6  6  Q
 0.690371311  16  5  6  Q
 0.736272538  16  5  7  Q
 0.783831709  16  5  8  Q
 0.819785068  16  5  9  Q
 0.844280193  16  4  9  Q
 0.886033059  16  3  9  Q
 0.914930406  16  2  9  Q
 0.930415120  16  3  9  Q
 0.951777128  16  3  10  Q
 0.963904959  16  3  11  Q
 0.976803071  16  3  10  Q
 1.007617823  16  3  9  Q
 1.023135731  16  2  9  Q
 1.045021859  16  3  9  Q
 1.077463959  16  3  10  Q
 1.115654774  16  3  9  Q
 1.142308566  16  3  10  Q
 1.174153759  16  3  11  Q
 1.188228490  16  4  11  Q
 1.235102166  16  4  12  Q
 1.252320513  16  4  13  Q
 1.273082814  16  5  13  Q
 1.310515945  16  4  13  Q
 1.321738116  16  4  12  Q
 1.339658154  16  4  13  Q
 1.373095901  16  3  13  Q
 1.418882145  16  2  13  Q
 1.459996509  16  2  14  Q
 1.502482062  16  1  14  Q
 1.549570506  16  1  0  Q
 1.572479975  16  1  14  Q
 1.582613614  16  1  0  Q
 1.609109831  16  0  0  Q
 0.000000000  27  9  5  \
 0.005596538  27  9  4  \
 0.041065672  27  10  4  \
 0.056754454  27  11  4  \
 0.071075447  27  11  3  \
 0.106003764  27  11  4  \
 0.152188947  27  10  4  \
 0.193012556  27  10  5  \
 0.221503266  27  11  5  \
 0.240451846  27  11  4  \
 0.287347219  27  12  4  \
 0.306687838  27  12  5  \
 0.347314078  27  11  5  \
 0.370380923  27  10  5  \
 0.393508159  27  10  6  \
 0.407871546  27  11  6  \
 0.420198146  27  10  6  \
 0.440411331  27  9  6  \
 0.471421152  27  9  7  \
 0.488091983  27  9  8  \
 0.521912871  27  10  8  \
 0.551075177  27  9  8  \
 0.569931172  27  9  9  \
 0.588021984  27  9  10  \
 0.625931242  27  9  11  \
 0.639880392  27  10  11  \
 0.663395868  27  9  11  \
 0.706574414  27  8  11  \
 0.734880152  27  9  11  \
 0.768865315  27  8  11  \
 0.809282087  27  8  10  \
 0.820104519  27  8  11  \
 0.852839974  27  8  10  \
 0.900083294  27  8  11  \
 0.920009323  27  9  11  \
 0.964621548  27  10  11  \
 0.974997849  27  11  11  \
 1.002452619  27  10  11  \
 1.033744696  27  10  10  \
 1.074615698  27  11  10  \
 1.131880573  27  11  9  \
 1.174684177  27  10  9  \
 1.210290290  27  11  9  \
 1.234942591  27  12  9  \
 1.276843634  27  12  10  \
 1.290607013  27  11  10  \
 1.338631712  27  11  11  \
 1.386799689  27  10  11  \
 1.406422465  27  11  11  \
 1.426493172  27  10  11  \
 1.461020652  27  10  11  |
 0.000000000  3  2  14  D
 0.003629241  3  1  14  D
 0.040141614  3  2  14  D
 0.058657161  3  3  14  D
 0.069142145  3  4  14  D
 0.089567597  3  4  0  D
 0.122477426  3  3  0  D
 0.135042090  3  4  0  D
 0.148719282  3  3  0  D
 0.178750954  3  2  0  D
 0.223375277  3  3  0  D
 0.260493357  3  4  0  D
 0.288715708  3  4  14  D
 0.319969991  3  3  14  D
 0.351848079  3  2  14  D
 0.386112099  3  2  0  D
 0.422956721  3  3  0  D
 0.465008041  3  2  0  D
 0.511963305  3  2  1  D
 0.526159117  3  1  1  D
 0.546079347  3  1  2  D
 0.576279293  3  2  2  D
 0.626229496  3  1  2  D
 0.654570428  3  0  2  D
 0.678245380  3  0  1  D
 0.709669937  3  1  1  D
 0.733262202  3  1  2  D
 0.782893953  3  0  2  D
 0.824086405  3  0  3  D
 0.862083050  3  14  3  D
 0.900089093  3  0  3  D
 0.920753909  3  14  3  D
 0.960997807  3  0  3  D
 0.986176227  3  0  4  D
 1.006847441  3  1  4  D
 1.020558728  3  2  4  D
 1.030896135  3  1  4  D
 1.072570913  3  1  5  D
 1.110818019  3  2  5  D
 1.144127186  3  2  6  D
 1.164091509  3  2  5  D
 1.194005700  3  2  4  D
 1.232544361  3  3  4  D
 1.263950421  3  4  4  D
 1.292424633  3  5  4  D
 1.316753484  3  5  5  D
 1.356713526  3  4  5  D
 1.386625416  3  4  6  D
 1.412905366  3  4  7  D
 1.452370185  3  4  6  D
 1.489680235  3  5  6  D
 1.502944291  3  5  7  D
 1.513104625  3  5  6  D
 1.545251071  3  5  5  D
 1.567168594  3  5  6  D
 1.590982824  3  5  7  D
 1.620680348  3  4  7  D
 1.659951196  3  3  7  D
 1.707803522  3  3  8  D
 1.724081913  3  2  8  D
 0.000000000  23  13  3  X
 0.005231894  23  12  3  X
 0.030926834  23  13  3  X
 0.043462402  23  12  3  X
 0.059704399  23  12  4  X
 0.101440668  23  12  5  X
 0.131315964  23  11  5  X
 0.181206875  23  12  5  X
 0.222581399  23  13  5  X
 0.234275197  23  13  6  X
 0.282387083  23  14  6  X
 0.332255598  23  14  5  X
 0.366664796  23  14  4  X
 0.408472053  23  13  4  X
 0.418604492  23  12  4  X
 0.446995116  23  11  4  X
 0.483652567  23  11  3  X
 0.508059406  23  11  4  X
 0.544419403  23  10  4  X
 0.574983493  23  10  5  X
 0.604380463  23  10  4  X
 0.619216377  23  10  3  X
 0.639119609  23  11  3  X
 0.660936947  23  11  2  X
 0.704507333  23  12  2  X
 0.716672458  23  12  1  X
 0.894799208  23  13  1  X
 0.937330454  23  12  1  X
 0.965047883  23  12  0  X
 0.988828618  23  12  1  X
 1.027112818  23  13  1  X
 1.050623695  23  12  1  X
 1.074186964  23  12  0  X
 1.091619578  23  13  0  X
 1.109127180  23  13  14  X
 1.148661687  23  12  14  X
 1.180381099  23  12  13  X
 1.257015390  23  13  13  X
 1.282092025  23  14  13  X
 1.324458396  23  0  13  X
 1.352252913  23  0  12  X
 1.379418827  23  0  13  X
 1.420528792  23  0  12  X
 1.461008654  23  0  11  X
 1.480617632  23  1  11  X
 1.519357862  23  1  10  X
 1.543572130  23  0  10  X
 1.585363490  23  1  10  X
 1.599800765  23  0  10  X
 1.613135410  23  0  11  X
 1.639257085  23  0  12  X
 1.687002427  23  0  13  X
 1.715688007  23  1  13  X
 0.000000000  2  10  8  C
 0.003504260  2  10  7  C
 0.041387022  2  10  8  C
 0.057632319  2  10  9  C
 0.081326767  2  10  10  C
 0.112660439  2  10  11  C
 0.148968843  2  9  11  C
 0.165992320  2  10  11  C
 0.204102747  2  9  11  C
 0.240686409  2  9  10  C
 0.267030350  2  10  10  C
 0.295498363  2  10  11  C
 0.317725337  2  10  12  C
 0.357776365  2  10  11  C
 0.400921517  2  11  11  C
 0.429746874  2  11  10  C
 0.462710995  2  10  10  C
 0.511931410  2  11  10  C
 0.560839873  2  12  10  C
 0.573113781  2  12  11  C
 0.604985870  2  12  10  C
 0.652478251  2  13  10  C
 0.691459344  2  13  9  C
 0.741326959  2  14  9  C
 0.775750054  2  14  8  C
 0.799971622  2  0  8  C
 1.065545196  2  1  8  C
 1.100781666  2  1  9  C
 1.128923029  2  1  8  C
 1.163982626  2  2  8  C
 1.202907628  2  2  7  C
 1.236859996  2  2  6  C
 1.255889063  2  1  6  C
 1.295818310  2  0  6  C
 1.345683426  2  0  7  C
 1.374013560  2  1  7  C
 1.420781953  2  1  6  C
 1.454899595  2  1  7  C
 1.482495942  2  0  7  C
 1.501064681  2  0  6  C
 1.534638707  2  0  5  C
 1.560382440  2  1  5  C
 1.572352695  2  1  4  C
 1.590826448  2  2  4  C
 1.620509174  2  2  5  C
 1.646300099  2  3  5  C
 1.658878161  2  3  6  C
 1.684879854  2  2  6  C
 1.702754500  2  3  6  C
 1.752353956  2  3  7  C
 1.777977308  2  4  7  C
 1.804310450  2  4  6  C
 1.826529026  2  4  5  C
 1.842293096  2  4  6  C
 1.857652729  2  4  5  C
 1.895902635  2  5  5  C
 1.918351175  2  4  5  C
 0.000000000  24  10  9  Y
 0.005313681  24  11  9  Y
 0.026120975  24  11  8  Y
 0.073510372  24  12  8  Y
 0.095868426  24  13  8  Y
 0.115895340  24  13  9  Y
 0.157099890  24  13  10  Y
 0.174103770  24  13  11  Y
 0.223160210  24  12  11  Y
 0.246877055  24  13  11  Y
 0.284520854  24  14  11  Y
 0.332207706  24  14  10  Y
 0.376956510  24  14  9  Y
 0.398357412  24  13  9  Y
 0.417256599  24  13  10  Y
 0.434470047  24  13  11  Y
 0.464229761  24  13  12  Y
 0.505087464  24  13  13  Y
 0.541538147  24  12  13  Y
 0.591495548  24  12  14  Y
 0.610679592  24  13  14  Y
 0.638407619  24  12  14  Y
 0.650092219  24  12  0  Y
 0.683302901  24  13  0  Y
 0.717409145  24  13  1  Y
 0.875471987  24  14  1  Y
 0.898089001  24  13  1  Y
 0.965105374  24  13  2  Y
 1.002610594  24  14  2  Y
 1.019912228  24  0  2  Y
 1.273890289  24  0  1  Y
 1.293889307  24  0  0  Y
 1.325818287  24  14  0  Y
 1.373189787  24  14  1  Y
 1.418584691  24  0  1  Y
 1.467447961  24  0  2  Y
 1.480705818  24  0  1  Y
 1.492330427  24  1  1  Y
 1.515075922  24  0  1  Y
 1.525831864  24  14  1  Y
 1.563768918  24  0  1  Y
 1.601760863  24  0  2  Y
 1.624893698  24  0  1  Y
 1.642322412  24  0  0  Y
 1.684897352  24  0  14  Y
 1.724132905  24  14  14  Y
 1.752498534  24  13  14  Y
 1.791516021  24  13  13  Y
 1.822742409  24  14  13  Y
 1.854406130  24  13  13  Y
 1.899392097  24  13  14  Y
 1.943627580  24  12  14  Y
 1.983596421  24  11  14  Y
 2.012119126  24  10  14  Y
 0.000000000  29  1  0  ^
 0.005783709  29  1  1  ^
 0.032816743  29  2  1  ^
 0.080613377  29  1  1  ^
 0.121647954  29  1  0  ^
 0.159575009  29  0  0  ^
 0.207119682  29  14  0  ^
 0.248329731  29  14  14  ^
 0.260786812  29  0  14  ^
 0.289171838  29  1  14  ^
 0.316402641  29  1  13  ^
 0.342673393  29  2  13  ^
 0.391085032  29  1  13  ^
 0.428412280  29  1  14  ^
 0.465163717  29  1  13  ^
 0.475704292  29  1  12  ^
 0.509070151  29  1  13  ^
 0.539221404  29  1  14  ^
 0.560373045  29  0  14  ^
 0.607172733  29  0  13  ^
 0.619285766  29  0  12  ^
 0.639104812  29  14  12  ^
 0.686993432  29  14  13  ^
 0.712652078  29  13  13  ^
 0.733316493  29  13  14  ^
 0.780810474  29  13  0  ^
 0.875483585  29  13  14  ^
 0.919031774  29  12  14  ^
 0.937658504  29  13  14  ^
 0.985753192  29  12  14  ^
 1.025173117  29  11  14  ^
 1.066635928  29  10  14  ^
 1.077868797  29  10  13  ^
 1.119658657  29  10  14  ^
 1.139248338  29  9  14  ^
 1.149927492  29  9  0  ^
 1.199067720  29  10  0  ^
 1.223767413  29  10  14  ^
 1.246284243  29  9  14  ^
 1.278905816  29  9  13  ^
 1.322342822  29  8  13  ^
 1.332974384  29  7  13  ^
 1.367941096  29  7  14  ^
 1.398201132  29  7  13  ^
 1.423210378  29  6  13  ^
 1.445440753  29  6  14  ^
 1.473814480  29  6  0  ^
 1.511101834  29  5  0  ^
 1.537833215  29  5  14  ^
 1.587602245  29  5  0  ^
 1.602095812  29  5  14  ^
 1.634888558  29  5  13  ^
 1.679223926  29  4  13  ^
 1.695933551  29  4  14  ^
 1.735571642  29  5  14  ^
 1.774653420  29  5  0  ^
 1.806130969  29  4  0  ^
 1.850281365  29  4  1  ^
 1.861343561  29  3  1  ^
 1.904157763  29  3  2  ^
 1.933220884  29  4  2  ^
 1.963778575  29  5  2  ^
 1.988174515  29  5  1  ^
 2.017747558  29  6  1  ^
 2.029208192  29  7  1  ^
 2.051031529  29  6  1  ^
 0.000000000  9  7  9  J
 0.004065673  9  8  9  J
 0.040378278  9  8  10  J
 0.061536417  9  9  10  J
 0.100444121  9  9  9  J
 0.129653120  9  9  10  J
 0.172475421  9  9  9  J
 0.191484692  9  8  9  J
 0.227850687  9  8  8  J
 0.257732682  9  7  8  J
 0.293481174  9  7  7  J
 0.324952224  9  8  7  J
 0.364533524  9  9  7  J
 0.397601128  9  9  6  J
 0.434888182  9  8  6  J
 0.448991209  9  8  5  J
 0.461181130  9  8  6  J
 0.478577150  9  8  7  J
 0.496183836  9  8  8  J
 0.544677963  9  8  9  J
 0.559722145  9  8  10  J
 0.588649487  9  9  10  J
 0.639895790  9  9  11  J
 0.663409966  9  9  10  J
 0.706562916  9  10  10  J
 0.740209131  9  10  11  J
 0.762883337  9  10  12  J
 0.802513430  9  10  13  J
 0.817730285  9  9  13  J
 1.095970207  9  9  14  J
 1.107043701  9  8  14  J
 1.132017752  9  8  13  J
 1.161263145  9  9  13  J
 1.184891504  9  10  13  J
 1.200419611  9  10  12  J
 1.228129441  9  11  12  J
 1.278031351  9  11  11  J
 1.327400043  9  10  11  J
 1.347994269  9  10  12  J
 1.374015160  9  10  13  J
 1.411883424  9  9  13  J
 1.445228985  9  10  13  J
 1.476732830  9  11  13  J
 1.505185946  9  11  14  J
 1.533549775  9  11  13  J
 1.553634780  9  11  14  J
 1.586937347  9  11  13  J
 1.619061397  9  11  14  J
 1.668086742  9  11  0  J
 1.694975198  9  11  1  J
 1.720423077  9  12  1  J
 1.750971569  9  12  0  J
 1.780931252  9  13  0  J
 1.825945216  9  13  1  J
 1.843188158  9  14  1  J
 1.857085117  9  13  1  J
 1.891153467  9  14  1  J
 1.911550124  9  13  1  J
 1.960040651  9  13  0  J
 2.002543101  9  13  1  J
 2.020685105  9  13  1  j
 0.000000000  28  6  11  ]
 0.005687523  28  7  11  ]
 0.034184932  28  8  11  ]
 0.078000680  28  8  12  ]
 0.329849969  28  8  13  ]
 0.375336659  28  7  13  ]
 0.422488993  28  7  14  ]
 0.451659398  28  7  0  ]
 0.472083250  28  7  14  ]
 0.487057443  28  6  14  ]
 0.535291410  28  6  0  ]
 0.570900322  28  5  0  ]
 0.592710361  28  5  14  ]
 0.608210873  28  6  14  ]
 0.628262183  28  5  14  ]
 0.649386727  28  5  13  ]
 0.681744741  28  4  13  ]
 0.696598352  28  5  13  ]
 0.736214747  28  5  14  ]
 0.773783457  28  5  0  ]
 0.799321722  28  6  0  ]
 0.840622057  28  6  1  ]
 0.859317976  28  6  0  ]
 0.871601883  28  7  0  ]
 0.905048829  28  8  0  ]
 0.945676768  28  8  14  ]
 0.985463337  28  8  13  ]
 1.015459514  28  8  14  ]
 1.049207513  28  8  0  ]
 1.076474712  28  8  14  ]
 1.102444110  28  8  13  ]
 1.130270721  28  8  12  ]
 1.161249447  28  7  12  ]
 1.185894350  28  7  13  ]
 1.216001210  28  8  13  ]
 1.226752053  28  9  13  ]
 1.243819323  28  8  13  ]
 1.287374811  28  8  14  ]
 1.305099080  28  7  14  ]
 1.319715627  28  7  13  ]
 1.347151599  28  7  14  ]
 1.367930397  28  6  14  ]
 1.394892542  28  6  13  ]
 1.416957642  28  6  14  ]
 1.439557159  28  6  0  ]
 1.473803782  28  7  0  ]
 1.484999856  28  6  0  ]
 1.537883007  28  6  1  ]
 1.559351998  28  7  1  ]
 1.600363778  28  8  1  ]
 1.626083515  28  9  1  ]
 1.671608099  28  8  1  ]
 1.720454572  28  7  1  ]
 1.734914844  28  7  2  ]
 1.777681153  28  7  1  ]
 1.807937191  28  7  0  ]
 1.854966843  28  7  1  ]
 1.888136232  28  8  1  ]
 1.909515237  28  9  1  ]
 1.954663680  28  10  1  ]
 1.969788749  28  11  1  ]
 1.985439937  28  11  0  ]
 1.999157823  28  12  0  ]
 2.013157665  28  13  0  ]
 2.030363614  28  13  1  ]
 2.306152214  28  13  0  ]
 2.327252762  28  12  0  ]
 2.346196843  28  13  0  ]
 2.376559964  28  13  1  ]
 2.408069108  28  14  1  ]
 2.435243521  28  13  1  ]
 2.484085494  28  14  1  ]
 2.495895274  28  13  1  ]
 0.000000000  8  1  11  I
 0.003995984  8  2  11  I
 0.278123840  8  1  11  I
 0.319180313  8  2  11  I
 0.330957698  8  2  12  I
 0.366668395  8  1  12  I
 0.380969991  8  2  12  I
 0.395837600  8  2  11  I
 0.426934908  8  3  11  I
 0.445109307  8  3  12  I
 0.483960820  8  3  11  I
 0.522470685  8  3  10  I
 0.545825786  8  3  11  I
 0.595651308  8  3  12  I
 0.607822232  8  3  11  I
 0.647115577  8  3  10  I
 0.680505032  8  2  10  I
 0.712747863  8  1  10  I
 0.742176828  8  0  10  I
 0.774209992  8  14  10  I
 0.806674589  8  14  9  I
 0.836940825  8  13  9  I
 0.878269256  8  13  10  I
 0.898283971  8  12  10  I
 0.927736133  8  12  9  I
 0.950810977  8  12  8  I
 0.989761174  8  11  8  I
 1.017954730  8  11  9  I
 1.033680206  8  11  10  I
 1.083690100  8  11  11  I
 1.131864776  8  12  11  I
 1.143508481  8  12  12  I
 1.161803062  8  12  13  I
 1.207531015  8  12  12  I
 1.256949000  8  11  12  I
 1.327459034  8  10  12  I
 1.355454420  8  11  12  I
 1.374007661  8  12  12  I
 1.390181468  8  12  11  I
 1.424027352  8  11  11  I
 1.461036249  8  10  11  I
 1.742974002  8  9  11  I
 1.757727228  8  9  12  I
 1.797236840  8  8  12  I
 1.841735482  8  8  11  I
 1.858890839  8  8  10  I
 1.891698583  8  8  11  I
 1.915286548  8  7  11  I
 1.934650164  8  8  11  I
 1.979747414  8  9  11  I
 1.990739720  8  10  11  I
 2.025117422  8  11  11  I
 2.065202345  8  11  10  I
 2.094610513  8  10  10  I
 2.133728285  8  10  11  I
 2.150623582  8  10  10  I
 2.188491546  8  10  11  I
 2.205969652  8  9  11  I
 2.226302819  8  8  11  I
 2.238245979  8  8  10  I
 2.248538193  8  7  10  I
 2.261134151  8  8  10  I
 2.283041076  8  8  11  I
 2.331874150  8  8  12  I
 2.366823164  8  8  13  I
 2.406524046  8  8  14  I
 2.431321325  8  9  14  I
 2.441691627  8  9  0  I
 2.484784686  8  10  0  I
 2.496593966  8  9  0  I
 2.536526912  8  10  0  I
 2.585227308  8  10  1  I
 2.630271166  8  10  0  I
 2.640451397  8  11  0  I
 2.654417045  8  12  0  I
 2.668996898  8  12  14  I
 2.705776131  8  12  0  I
 2.716505577  8  12  14  I
 2.742984797  8  13  14  I
 2.759634831  8  14  14  I
 2.808318428  8  0  14  I
 2.820788107  8  0  13  I
 2.836417198  8  14  13  I
 2.857837797  8  14  12  I
 2.903699230  8  14  11  I
 2.916130514  8  14  10  I
 2.949916508  8  14  11  I
 2.974956749  8  0  11  I
 0.000000000  14  11  0  O
 0.004422418  14  11  14  O
 0.036867519  14  11  0  O
 0.050434828  14  10  0  O
 0.089985233  14  9  0  O
 0.130010565  14  10  0  O
 0.167068054  14  10  1  O
 0.362450145  14  11  1  O
 0.400923516  14  11  0  O
 0.423148991  14  11  14  O
 0.467366977  14  10  14  O
 0.486048398  14  10  0  O
 0.526288697  14  10  14  O
 0.568261229  14  9  14  O
 0.581531984  14  8  14  O
 0.629420504  14  9  14  O
 0.656501631  14  8  14  O
 0.691458844  14  7  14  O
 0.712556992  14  8  14  O
 0.723357528  14  8  0  O
 0.749312028  14  8  1  O
 0.787670617  14  9  1  O
 0.807763621  14  9  2  O
 0.820905696  14  9  1  O
 0.857485658  14  9  0  O
 0.899025557  14  9  1  O
 0.938849120  14  9  0  O
 0.950763384  14  9  14  O
 0.985857376  14  8  14  O
 1.016615236  14  7  14  O
 1.027142414  14  7  0  O
 1.041475205  14  7  14  O
 1.065521499  14  7  0  O
 1.079856490  14  7  1  O
 1.093428799  14  7  2  O
 1.128634174  14  7  1  O
 1.141596676  14  8  1  O
 1.175426263  14  7  1  O
 1.201252483  14  7  0  O
 1.242563817  14  8  0  O
 1.290133486  14  8  1  O
 1.339056047  14  9  1  O
 1.349184186  14  9  2  O
 1.384858688  14  9  3  O
 1.421656918  14  9  4  O
 1.466930041  14  9  3  O
 1.490796263  14  9  4  O
 1.531818841  14  8  4  O
 1.563768918  14  7  4  O
 1.597772278  14  7  5  O
 1.643825881  14  8  5  O
 1.676270681  14  8  6  O
 1.690993712  14  8  7  O
 1.721617893  14  7  7  O
 1.749893635  14  7  8  O
 1.776734899  14  6  8  O
 1.802221471  14  7  8  O
 1.838642459  14  8  8  O
 1.869764763  14  8  7  O
 1.919262735  14  8  6  O
 1.954448913  14  8  5  O
 1.994048110  14  9  5  O
 2.019876930  14  8  5  O
 2.065798153  14  8  6  O
 2.106286014  14  8  5  O
 2.117457493  14  8  4  O
 2.161845352  14  8  3  O
 2.184870004  14  8  4  O
 2.233258447  14  8  3  O
 2.267578758  14  7  3  O
 2.306478064  14  7  2  O
 2.339242615  14  6  2  O
 2.358605531  14  6  3  O
 2.405449312  14  5  3  O
 2.452440171  14  5  4  O
 2.465046328  14  5  5  O
 2.510648700  14  5  4  O
 2.552821901  14  6  4  O
 2.564523398  14  6  3  O
 2.596534265  14  7  3  O
 2.614855642  14  6  3  O
 2.630550523  14  6  2  O
 2.642195129  14  6  3  O
 2.678490135  14  6  2  O
 2.709098119  14  5  2  O
 2.739053003  14  5  3  O
 2.788569072  14  5  4  O
 2.801729344  14  4  4  O
 2.836417698  14  4  5  O
 2.851124832  14  3  5  O
 2.885211479  14  2  5  O
 2.913205965  14  1  5  O
 2.953850002  14  1  6  O
 2.983784888  14  2  6  O
 2.997965903  14  2  5  O
 3.040381767  14  2  4  O
 3.072381635  14  1  4  O
 3.115722756  14  0  4  O
 0.000000000  6  4  9  G
 0.003848307  6  3  9  G
 0.054012476  6  2  9  G
 0.065460012  6  3  9  G
 0.098871763  6  3  10  G
 0.134426884  6  3  9  G
 0.171324798  6  3  10  G
 0.207606907  6  3  11  G
 0.221425877  6  3  10  G
 0.251984768  6  2  10  G
 0.291028351  6  2  9  G
 0.328006253  6  2  10  G
 0.349795195  6  2  9  G
 0.381075375  6  2  10  G
 0.410270976  6  2  9  G
 0.421754106  6  1  9  G
 0.466633690  6  1  10  G
 0.484238277  6  1  11  G
 0.499297656  6  1  12  G
 0.539251100  6  2  12  G
 0.584291959  6  2  13  G
 0.602720619  6  3  13  G
 0.635278301  6  3  12  G
 0.648292896  6  3  13  G
 0.681143533  6  3  14  G
 0.731102435  6  3  0  G
 0.754141484  6  3  1  G
 0.777674458  6  3  0  G
 0.805675643  6  3  14  G
 1.100108070  6  2  14  G
 1.111691484  6  2  13  G
 1.125227898  6  2  12  G
 1.145217318  6  1  12  G
 1.160613945  6  1  11  G
 1.173851805  6  2  11  G
 1.207994444  6  3  11  G
 1.235172956  6  2  11  G
 1.270292943  6  2  10  G
 1.309614584  6  2  9  G
 1.342972043  6  2  10  G
 1.379692785  6  2  9  G
 1.396926429  6  3  9  G
 1.421997365  6  4  9  G
 1.464395532  6  4  10  G
 1.498930310  6  5  10  G
 1.521983357  6  6  10  G
 1.545660508  6  7  10  G
 1.583367598  6  7  11  G
 1.622439177  6  7  12  G
 1.662134959  6  7  13  G
 1.679383301  6  6  13  G
 1.712769456  6  6  14  G
 1.760784857  6  5  14  G
 1.806188460  6  4  14  G
 1.818222706  6  4  13  G
 1.865197667  6  3  13  G
 1.911381150  6  3  12  G
 1.924926262  6  3  11  G
 1.954981431  6  4  11  G
 2.004052269  6  4  12  G
 2.035850468  6  3  12  G
 2.049039936  6  3  11  G
 2.062413375  6  3  12  G
 2.101978778  6  3  13  G
 2.120740387  6  4  13  G
 2.138637529  6  5  13  G
 2.166970662  6  5  12  G
 2.179363753  6  4  12  G
 2.223450759  6  4  11  G
 2.253238868  6  4  10  G
 2.277429040  6  4  11  G
 2.294369130  6  3  11  G
 2.332256291  6  2  11  G
 2.373550528  6  1  11  G
 2.387487580  6  2  11  G
 2.422776042  6  1  11  G
 2.446358708  6  2  11  G
 2.481260729  6  2  10  G
 2.492147052  6  3  10  G
 2.539062922  6  3  9  G
 2.585383484  6  2  9  G
 2.633939701  6  2  8  G
 2.652298172  6  2  9  G
 2.684706278  6  3  9  G
 2.698748214  6  3  10  G
 2.740116839  6  3  9  G
 2.750752300  6  4  9  G
 2.800717100  6  3  9  G
 2.850015603  6  3  8  G
 2.880458611  6  2  8  G
 2.895990218  6  2  9  G
 2.932475395  6  2  8  G
 2.944494643  6  2  9  G
 2.969724255  6  1  9  G
 2.981337566  6  2  9  G
 3.028132454  6  3  9  G
 3.074095771  6  3  10  G
 3.109890055  6  3  9  G
 3.129084697  6  3  10  G
