-1  15  15  15
 0.000000000  10  0  4  K
 0.009020508  10  1  4  K
 0.037022287  10  2  4  K
 0.058863817  10  2  3  K
 0.084380079  10  3  3  K
 0.113572875  10  2  3  K
 0.151694592  10  2  2  K
 0.170853436  10  1  2  K
 0.220590161  10  2  2  K
 0.255588860  10  1  2  K
 0.269540507  10  1  1  K
 0.288337406  10  2  1  K
 0.308528591  10  2  2  K
 0.000000000  0  8  3  A
 0.007224585  0  8  2  A
 0.037933747  0  8  3  A
 0.051260090  0  9  3  A
 0.064848593  0  9  4  A
 0.089169440  0  10  4  A
 0.117709836  0  10  3  A
 0.146342218  0  10  2  A
 0.195500132  0  10  1  A
 0.220687246  0  10  2  A
 0.234656690  0  10  1  A
 0.279375989  0  10  2  A
 0.314759229  0  9  2  A
 0.000000000  11  5  0  L
 0.009218278  11  4  0  L
 0.030548386  11  4  14  L
 0.043430098  11  3  14  L
 0.072193960  11  2  14  L
 0.113062853  11  3  14  L
 0.127449033  11  2  14  L
 0.152765627  11  2  14  l
 0.000000000  5  5  8  F
 0.008150043  5  6  8  F
 0.047224613  5  6  9  F
 0.094974445  5  6  8  F
 0.115032049  5  6  7  F
 0.148427196  5  6  8  F
 0.168164750  5  7  8  F
 0.179047971  5  8  8  F
 0.211342388  5  9  8  F
 0.229125143  5  9  7  F
 0.255098535  5  8  7  F
 0.284889738  5  9  7  F
 0.296504746  5  9  8  F
 0.345145740  5  10  8  F
 0.368437346  5  10  7  F
 0.402612572  5  10  8  F
 0.415230025  5  11  8  F
 0.441693042  5  11  7  F
 0.477816967  5  10  7  F
 0.490741573  5  10  8  F
 0.507247026  5  9  8  F
 0.546129926  5  9  7  F
 0.580890262  5  10  7  F
 0.625464983  5  9  7  F
 0.675782319  5  9  8  F
 0.000000000  1  4  8  B
 0.007425554  1  3  8  B
 0.022466533  1  3  7  B
 0.040922785  1  3  6  B
 0.085727971  1  2  6  B
 0.098838148  1  2  5  B
 0.115062845  1  2  4  B
 0.135153344  1  3  4  B
 0.178774113  1  2  4  B
 0.227381812  1  3  4  B
 0.251469595  1  3  3  B
 0.289201773  1  3  2  B
 0.330587787  1  2  2  B
 0.345145640  1  2  3  B
 0.359403740  1  1  3  B
 0.379959968  1  1  4  B
 0.414360359  1  0  4  B
 0.428024951  1  0  5  B
 0.457766461  1  0  4  B
 0.500682339  1  0  5  B
 0.539259486  1  0  5  b
 0.000000000  8  14  6  I
 0.008673162  8  0  6  I
 0.054971218  8  0  7  I
 0.103975656  8  14  7  I
 0.154173010  8  0  7  I
 0.191711417  8  1  7  I
 0.222559957  8  2  7  I
 0.265223773  8  1  7  I
 0.305740921  8  0  7  I
 0.326619199  8  0  8  I
 0.346183980  8  14  8  I
 0.369328408  8  14  7  I
 0.398787962  8  13  7  I
 0.413489894  8  14  7  I
 0.454767524  8  13  7  I
 0.503237345  8  13  8  I
 0.546211013  8  13  7  I
 0.592357492  8  12  7  I
 0.620342674  8  12  8  I
 0.647983109  8  12  7  I
 0.695293408  8  12  6  I
 0.728768042  8  13  6  I
 0.740471137  8  13  7  I
 0.773704808  8  13  8  I
 0.814121671  8  13  7  I
 0.847470125  8  14  7  I
 0.878688208  8  14  6  I
 0.922355969  8  13  6  I
 0.965298743  8  14  6  I
 0.989622589  8  14  7  I
 1.014062518  8  14  8  I
 1.051052810  8  14  9  I
 1.099302165  8  13  9  I
 1.110782193  8  14  9  I
 1.145269171  8  14  8  I
 1.172423981  8  14  9  I
 0.000000000  6  7  7  G
 0.008322716  6  8  7  G
 0.047224613  6  7  7  G
 0.065348416  6  8  7  G
 0.092717393  6  8  6  G
 0.104520771  6  7  6  G
 0.153810665  6  6  6  G
 0.166813959  6  7  6  G
 0.184832578  6  8  6  G
 0.244988196  6  7  6  G
 0.273924830  6  8  6  G
 0.309641719  6  9  6  G
 0.354820547  6  10  6  G
 0.402900028  6  11  6  G
 0.434061219  6  10  6  G
 0.469528346  6  10  7  G
 0.517582031  6  10  6  G
 0.554674407  6  9  6  G
 0.574854193  6  9  5  G
 0.589497234  6  9  6  G
 0.637414239  6  8  6  G
 0.662308998  6  7  6  G
 0.702353918  6  7  7  G
 0.727470643  6  6  7  G
 0.752684852  6  6  6  G
 0.784848689  6  6  7  G
 0.799970855  6  6  8  G
 0.863058820  6  6  7  G
 0.902756694  6  6  6  G
 0.913329362  6  6  7  G
 0.925247923  6  6  8  G
 0.970278974  6  6  9  G
 0.995762242  6  5  9  G
 1.031702196  6  4  9  G
 1.047292390  6  5  9  G
 1.077384147  6  5  10  G
 1.120324421  6  5  11  G
 1.158459536  6  4  11  G
 1.183353894  6  4  12  G
 1.209480563  6  5  12  G
 1.258999621  6  6  12  G
 0.000000000  14  2  2  O
 0.009756495  14  2  1  O
 0.033261268  14  3  1  O
 0.071133124  14  2  1  O
 0.103218572  14  2  0  O
 0.144048572  14  2  14  O
 0.421526554  14  3  14  O
 0.470467201  14  4  14  O
 0.512283549  14  5  14  O
 0.559106423  14  5  13  O
 0.580560313  14  6  13  O
 0.622103802  14  7  13  O
 0.662738232  14  7  14  O
 0.694708198  14  6  14  O
 0.734256795  14  5  14  O
 0.779324741  14  5  0  O
 0.798769740  14  5  14  O
 0.843046208  14  5  13  O
 0.860110275  14  6  13  O
 0.892247016  14  6  14  O
 0.924550031  14  7  14  O
 0.957714413  14  7  0  O
 0.995095645  14  8  0  O
 1.011258751  14  8  14  O
 1.026106060  14  8  14  o
 0.000000000  7  11  8  H
 0.008499789  7  10  8  H
 0.023117133  7  10  7  H
 0.061863954  7  10  8  H
 0.092717293  7  10  7  H
 0.142816162  7  11  7  H
 0.166657983  7  11  6  H
 0.187403382  7  12  6  H
 0.208619708  7  11  6  H
 0.234807767  7  11  7  H
 0.275759447  7  11  6  H
 0.288337406  7  12  6  H
 0.327164215  7  13  6  H
 0.354241536  7  13  7  H
 0.370583315  7  12  7  H
 0.413342916  7  13  7  H
 0.454927499  7  12  7  H
 0.491645433  7  11  7  H
 0.514683078  7  11  6  H
 0.548286193  7  10  6  H
 0.574962976  7  10  5  H
 0.599246929  7  10  4  H
 0.620395866  7  11  4  H
 0.659068498  7  12  4  H
 0.698831062  7  13  4  H
 0.741737141  7  13  3  H
 0.768766370  7  12  3  H
 0.803041681  7  12  2  H
 0.851352426  7  12  3  H
 0.887008024  7  12  4  H
 0.900518839  7  12  3  H
 0.934969723  7  13  3  H
 0.961016904  7  13  2  H
 0.980353720  7  13  1  H
 0.999833414  7  14  1  H
 1.017005464  7  13  1  H
 1.047292390  7  12  1  H
 1.072451008  7  12  2  H
 1.121586526  7  12  3  H
 1.166584482  7  12  2  H
 1.195956050  7  13  2  H
 1.231776622  7  13  1  H
 1.244742721  7  12  1  H
 1.286795632  7  11  1  H
 1.324489415  7  10  1  H
 1.359722878  7  9  1  H
 1.388775895  7  10  1  H
 1.405248053  7  9  1  H
 1.432328874  7  10  1  H
 1.461401488  7  10  2  H
 1.496813124  7  9  2  H
 1.543783876  7  9  3  H
 0.000000000  4  8  5  E
 0.007968771  4  8  4  E
 0.037891853  4  7  4  E
 0.074100566  4  7  3  E
 0.111121353  4  8  3  E
 0.134509944  4  8  2  E
 0.164856161  4  8  1  E
 0.205552481  4  9  1  E
 0.228849686  4  8  1  E
 0.248869297  4  8  0  E
 0.277887219  4  8  1  E
 0.322160087  4  7  1  E
 0.371714840  4  7  0  E
 0.390777099  4  7  1  E
 0.434061119  4  6  1  E
 0.462460737  4  5  1  E
 0.494394709  4  5  2  E
 0.516437308  4  4  2  E
 0.562601084  4  4  1  E
 0.601621563  4  5  1  E
 0.651061933  4  4  1  E
 0.670005810  4  4  0  E
 0.692083303  4  5  0  E
 0.740248971  4  6  0  E
 0.764385246  4  6  1  E
 0.783086960  4  6  0  E
 0.833194328  4  6  1  E
 0.858311852  4  6  0  E
 0.906447124  4  6  14  E
 0.957867390  4  6  0  E
 0.998201166  4  7  0  E
 1.023494663  4  7  14  E
 1.040473343  4  8  14  E
 1.305892885  4  8  0  E
 1.338905791  4  8  1  E
 1.374807651  4  8  2  E
 1.393957696  4  9  2  E
 1.432131105  4  8  2  E
 1.461785929  4  8  3  E
 1.473933154  4  8  4  E
 1.498036435  4  9  4  E
 1.546527952  4  8  4  E
 1.573975917  4  7  4  E
 1.588167127  4  7  5  E
 1.602555206  4  7  6  E
 1.618180995  4  7  5  E
 1.653204491  4  8  5  E
 1.697944687  4  7  5  E
 1.735835840  4  6  5  E
 1.754513657  4  5  5  E
 1.800135417  4  5  6  E
 1.848965282  4  5  7  E
 1.871201751  4  6  7  E
 0.000000000  12  10  10  M
 0.009407049  12  10  9  M
 0.049031234  12  10  8  M
 0.061905747  12  9  8  M
 0.091506080  12  9  7  M
 0.139188022  12  9  6  M
 0.187417180  12  8  6  M
 0.198858314  12  8  5  M
 0.244839419  12  8  6  M
 0.274081706  12  9  6  M
 0.305700927  12  10  6  M
 0.354657172  12  11  6  M
 0.382926510  12  11  5  M
 0.398450714  12  12  5  M
 0.418271856  12  11  5  M
 0.464351045  12  10  5  M
 0.493720213  12  9  5  M
 0.513182910  12  8  5  M
 0.544154231  12  7  5  M
 0.572330083  12  7  4  M
 0.619219747  12  8  4  M
 0.635449443  12  8  3  M
 0.663237355  12  8  2  M
 0.685117878  12  9  2  M
 0.698830962  12  10  2  M
 0.723965784  12  11  2  M
 0.744710282  12  12  2  M
 0.786299965  12  13  2  M
 0.828996976  12  13  3  M
 0.851352626  12  13  2  M
 0.873797763  12  12  2  M
 0.902862778  12  13  2  M
 0.943914643  12  12  2  M
 0.970228182  12  12  3  M
 0.994731601  12  13  3  M
 1.005961468  12  14  3  M
 1.034017539  12  0  3  M
 1.062720510  12  1  3  M
 1.075399353  12  0  3  M
 1.109454398  12  1  3  M
 1.157237824  12  1  2  M
 1.198754018  12  0  2  M
 1.246447658  12  0  3  M
 1.280811055  12  0  2  M
 1.322698692  12  14  2  M
 1.339824349  12  14  1  M
 1.359722778  12  0  1  M
 1.394323439  12  14  1  M
 1.440036185  12  13  1  M
 1.454705421  12  13  0  M
 1.467201793  12  12  0  M
 1.484814275  12  12  1  M
 1.527443097  12  13  1  M
 1.561554833  12  14  1  M
 1.572728209  12  14  0  M
 1.609103196  12  0  0  M
 1.655224979  12  14  0  M
 1.702808236  12  0  0  M
 1.753091977  12  0  14  M
 1.785328302  12  0  0  M
 1.796821429  12  14  0  M
 1.828056009  12  0  0  M
 1.842375799  12  0  14  M
 1.871471509  12  0  0  M
 1.884397215  12  0  1  M
 1.908654972  12  1  1  M
 1.922596620  12  0  1  M
 1.936168726  12  1  1  M
 1.957434644  12  0  1  M
 1.972532314  12  1  1  M
 0.000000000  3  0  6  D
 0.007791798  3  0  7  D
 0.054902028  3  14  7  D
 0.098039272  3  14  6  D
 0.141801219  3  0  6  D
 0.187164619  3  0  5  D
 0.205257227  3  1  5  D
 0.255265810  3  0  5  D
 0.297405107  3  1  5  D
 0.309641719  3  0  5  D
 0.322122893  3  0  6  D
 0.340205003  3  1  6  D
 0.374916346  3  1  5  D
 0.403151089  3  2  5  D
 0.447747807  3  2  6  D
 0.492755262  3  1  6  D
 0.532530624  3  0  6  D
 0.579618658  3  0  5  D
 0.837597749  3  0  6  D
 0.883852011  3  1  6  D
 0.908144363  3  0  6  D
 0.931312287  3  1  6  D
 0.967897642  3  1  7  D
 1.004402109  3  2  7  D
 1.031253465  3  1  7  D
 1.054007954  3  0  7  D
 1.100175130  3  0  8  D
 1.136586111  3  0  7  D
 1.184429828  3  0  8  D
 1.229080638  3  0  7  D
 1.242085631  3  14  7  D
 1.254543509  3  14  6  D
 1.276500121  3  14  7  D
 1.294595228  3  13  7  D
 1.319961414  3  13  6  D
 1.338905991  3  12  6  D
 1.378346105  3  12  7  D
 1.402486280  3  13  7  D
 1.439719934  3  13  6  D
 1.483631958  3  13  7  D
 1.497869961  3  13  6  D
 1.510855557  3  13  5  D
 1.523129963  3  13  6  D
 1.542203120  3  13  7  D
 1.587441539  3  13  8  D
 1.613229759  3  14  8  D
 1.643128346  3  14  9  D
 1.671604651  3  14  8  D
 1.707275647  3  14  7  D
 1.728058440  3  14  6  D
 1.752312297  3  14  5  D
 1.800273896  3  0  5  D
 1.849177950  3  0  6  D
 1.895105262  3  0  7  D
 1.944237381  3  0  7  d
 0.000000000  13  2  10  N
 0.009581722  13  2  11  N
 0.026056579  13  2  10  N
 0.037993937  13  2  9  N
 0.082633449  13  3  9  N
 0.111121453  13  3  8  N
 0.161280213  13  2  8  N
 0.183826334  13  2  9  N
 0.214481303  13  2  10  N
 0.230174182  13  1  10  N
 0.253478485  13  2  10  N
 0.265401146  13  1  10  N
 0.314062637  13  1  11  N
 0.362639641  13  2  11  N
 0.409416122  13  2  12  N
 0.454660141  13  1  12  N
 0.479325734  13  1  13  N
 0.513283894  13  1  12  N
 0.558257454  13  1  13  N
 0.593343940  13  1  14  N
 0.642301985  13  0  14  N
 0.663008190  13  0  0  N
 0.687524307  13  0  1  N
 0.711773865  13  1  1  N
 0.748543791  13  1  2  N
 0.761369812  13  1  1  N
 0.809927219  13  1  2  N
 0.828997176  13  1  3  N
 0.840669275  13  0  3  N
 0.883851711  13  0  4  N
 0.924520535  13  0  3  N
 0.974654299  13  0  2  N
 0.997186622  13  1  2  N
 1.024078672  13  1  1  N
 1.044915257  13  0  1  N
 1.059889546  13  0  2  N
 1.078442583  13  14  2  N
 1.119250186  13  0  2  N
 1.166183844  13  1  2  N
 1.179132746  13  0  2  N
 1.192065350  13  0  3  N
 1.237127296  13  14  3  N
 1.248496742  13  13  3  N
 1.276607704  13  12  3  N
 1.294508042  13  13  3  N
 1.339824549  13  14  3  N
 1.378286914  13  14  4  N
 1.422941223  13  14  3  N
 1.435540779  13  14  4  N
 1.460676400  13  14  5  N
 1.508686492  13  13  5  N
 1.548288081  13  13  6  N
 1.587519027  13  14  6  N
 1.615121567  13  14  7  N
 1.657317356  13  13  7  N
 1.704266911  13  13  6  N
 1.738771987  13  14  6  N
 1.800416474  13  14  7  N
 1.830158484  13  14  8  N
 1.875351511  13  14  7  N
 1.920481547  13  0  7  N
 2.206685682  13  0  8  N
 2.218429869  13  1  8  N
 0.000000000  9  5  4  J
 0.008847435  9  5  5  J
 0.057678900  9  5  6  J
 0.073424270  9  5  7  J
 0.089169540  9  4  7  J
 0.108546850  9  4  8  J
 0.145240088  9  4  7  J
 0.185814827  9  5  7  J
 0.201452914  9  4  7  J
 0.239637221  9  5  7  J
 0.253845229  9  5  6  J
 0.278041295  9  5  7  J
 0.304790567  9  5  8  J
 0.338135522  9  4  8  J
 0.359403840  9  3  8  J
 0.371550266  9  3  7  J
 0.405685698  9  4  7  J
 0.429010999  9  5  7  J
 0.440440935  9  5  6  J
 0.473731398  9  4  6  J
 0.511869213  9  3  6  J
 0.531024557  9  3  7  J
 0.574857893  9  4  7  J
 0.585998674  9  4  8  J
 0.615881062  9  5  8  J
 0.660198224  9  5  9  J
 0.694806583  9  5  10  J
 0.706517976  9  5  9  J
 0.727515136  9  5  8  J
 0.770799557  9  6  8  J
 0.819519638  9  5  8  J
 0.862914742  9  5  7  J
 0.910572888  9  5  6  J
 0.938859423  9  5  5  J
 0.961400844  9  4  5  J
 0.980283931  9  3  5  J
 1.012104920  9  2  5  J
 1.037472106  9  3  5  J
 1.082642435  9  3  4  J
 1.128888199  9  2  4  J
 1.152122514  9  3  4  J
 1.165782006  9  4  4  J
 1.193099490  9  3  4  J
 1.203674559  9  3  5  J
 1.231902603  9  3  4  J
 1.248551734  9  3  5  J
 1.284427997  9  3  6  J
 1.319982811  9  2  6  J
 1.364917777  9  3  6  J
 1.415131428  9  3  7  J
 1.452371082  9  3  6  J
 1.483662953  9  3  7  J
 1.518911714  9  3  6  J
 1.552049300  9  3  7  J
 1.598786188  9  3  8  J
 1.615121467  9  3  9  J
 1.632943917  9  3  8  J
 1.673974886  9  2  8  J
 1.709200850  9  2  7  J
 1.721138908  9  2  6  J
 1.761544173  9  3  6  J
 1.794968315  9  3  7  J
 1.824028530  9  3  8  J
 1.862574382  9  3  7  J
 1.906061772  9  3  8  J
 1.956175039  9  3  7  J
 1.972641098  9  3  8  J
 2.007026292  9  3  9  J
 2.052446683  9  4  9  J
 2.089745327  9  5  9  J
 2.127280135  9  5  10  J
 2.161612737  9  4  10  J
 2.207661731  9  5  10  J
 2.254439413  9  4  10  J
 2.282221128  9  3  10  J
 2.320897162  9  3  9  J
 2.352960516  9  2  9  J
 2.382645737  9  1  9  J
 2.432145301  9  0  9  J
 2.468447501  9  0  8  J
 2.508863667  9  14  8  J
 2.556430929  9  14  7  J
 2.606285539  9  13  7  J
 2.640719927  9  14  7  J
 2.660771134  9  0  7  J
 2.682774340  9  0  6  J
 2.702701766  9  0  5  J
 2.716430648  9  0  6  J
 2.749718413  9  0  5  J
 2.776090645  9  1  5  J
 2.824330004  9  1  4  J
 0.000000000  2  9  12  C
 0.007600127  2  9  13  C
 0.058906110  2  9  14  C
 0.098039372  2  10  14  C
 0.142903649  2  11  14  C
 0.177219553  2  10  14  C
 0.188806865  2  10  0  C
 0.216227834  2  11  0  C
 0.261965176  2  11  14  C
 0.297405207  2  11  0  C
 0.337225662  2  11  14  C
 0.373693635  2  10  14  C
 0.412286080  2  10  0  C
 0.451905166  2  9  0  C
 0.467001336  2  9  1  C
 0.494068160  2  10  1  C
 0.531024557  2  10  0  C
 0.574456155  2  10  14  C
 0.609494448  2  10  0  C
 0.653136713  2  11  0  C
 0.684935106  2  12  0  C
 0.701542044  2  11  0  C
 0.740091095  2  10  0  C
 0.770746465  2  9  0  C
 0.795490546  2  9  1  C
 0.840599885  2  9  2  C
 0.870276906  2  10  2  C
 0.885575345  2  11  2  C
 0.936037958  2  12  2  C
 0.994888177  2  13  2  C
 1.037472106  2  13  3  C
 1.065289813  2  13  4  C
 1.085064662  2  13  5  C
 1.121095702  2  14  5  C
 1.138880657  2  14  6  C
 1.180768093  2  0  6  C
 1.227606466  2  1  6  C
 1.262192429  2  1  7  C
 1.306540585  2  2  7  C
 1.353434049  2  2  6  C
 1.415287504  2  2  5  C
 1.442520302  2  2  4  C
 1.475379631  2  1  4  C
 1.485881811  2  0  4  C
 1.527506887  2  14  4  C
 1.567616998  2  0  4  C
 1.618180795  2  0  3  C
 1.663495203  2  0  2  C
 1.693251211  2  0  3  C
 1.735835640  2  14  3  C
 1.758368862  2  13  3  C
 1.776109525  2  14  3  C
 1.795283366  2  14  4  C
 1.844164023  2  14  3  C
 1.866417389  2  14  4  C
 1.877825029  2  14  3  C
 1.893586097  2  13  3  C
 1.909796195  2  12  3  C
 1.950535409  2  12  4  C
 1.985862357  2  12  3  C
 2.007783975  2  12  4  C
 2.030304999  2  11  4  C
 2.077793071  2  11  5  C
 2.093502347  2  11  4  C
 2.134851467  2  11  3  C
 2.185401666  2  10  3  C
 2.209595433  2  11  3  C
 2.249634055  2  11  2  C
 2.282220628  2  11  1  C
 2.317005362  2  10  1  C
 2.345599851  2  10  0  C
 2.382645837  2  11  0  C
 2.402442983  2  11  14  C
 2.441048328  2  11  13  C
 2.473732586  2  11  12  C
 2.511505559  2  11  13  C
 2.553153735  2  11  12  C
 2.571766364  2  10  12  C
 2.617302439  2  10  13  C
 2.653382274  2  10  14  C
 2.686361286  2  9  14  C
 2.699827409  2  9  0  C
 2.743636251  2  8  0  C
 2.766212069  2  8  1  C
 2.780746327  2  9  1  C
 2.806757215  2  8  1  C
 2.846091347  2  8  2  C
 2.868513388  2  7  2  C
 2.912452710  2  6  2  C
 2.933991788  2  6  3  C
 2.959514651  2  5  3  C
