-1  60  15  15
 0.000000000  40  8  7  i
 0.011857274  40  8  7  â
 0.000000000  27  4  8  \
 0.010418695  27  4  8  |
 0.000000000  46  9  5  o
 0.012454782  46  9  5  è
 0.000000000  58  8  9  {
 0.014445675  58  8  9  õ
 0.000000000  52  14  8  u
 0.013612504  52  14  8  ï
 0.000000000  23  5  0  X
 0.010119741  23  5  0  x
 0.000000000  39  2  14  h
 0.011762489  39  2  14  à
 0.000000000  22  4  11  W
 0.010058851  22  4  11  w
 0.000000000  48  7  4  q
 0.013011796  48  7  4  ë
 0.000000000  44  9  9  m
 0.012267111  44  9  10  m
 0.031995073  44  9  10  ç
 0.000000000  17  12  8  R
 0.009477440  17  13  8  R
 0.040871906  17  13  8  r
 0.000000000  34  13  0  c
 0.011207574  34  14  0  c
 0.060391700  34  14  1  c
 0.086081244  34  14  1  É
 0.000000000  9  0  10  J
 0.008657367  9  1  10  J
 0.045872936  9  0  10  J
 0.089506717  9  0  10  j
 0.000000000  36  11  13  e
 0.011476633  36  12  13  e
 0.065443322  36  12  14  e
 0.106106661  36  12  14  Ö
 0.000000000  54  6  14  w
 0.013931654  54  6  0  w
 0.050841471  54  7  0  w
 0.089568707  54  6  0  w
 0.123824233  54  6  0  ó
 0.000000000  16  11  2  Q
 0.009411750  16  11  3  Q
 0.033609024  16  12  3  Q
 0.074040898  16  11  3  Q
 0.111721096  16  12  3  Q
 0.155117814  16  12  3  q
 0.000000000  32  4  4  a
 0.010964811  32  3  4  a
 0.046757100  32  3  5  a
 0.071410604  32  2  5  a
 0.096035112  32  2  4  a
 0.107839094  32  2  5  a
 0.120316473  32  3  5  a
 0.146072307  32  4  5  a
 0.167848353  32  4  5  Å
 0.000000000  57  6  6  z
 0.014304197  57  6  7  z
 0.033749703  57  6  6  z
 0.075578162  57  7  6  z
 0.096982066  57  6  6  z
 0.120620126  57  5  6  z
 0.136242220  57  4  6  z
 0.182961226  57  4  6  ö
 0.000000000  37  4  0  f
 0.011574018  37  5  0  f
 0.302000796  37  5  0  Ü
 0.000000000  35  3  1  d
 0.011341153  35  4  1  d
 0.065580001  35  4  0  d
 0.302042889  35  4  1  d
 0.330337032  35  4  1  Ñ
 0.000000000  4  14  7  E
 0.008230332  4  14  8  E
 0.300047697  4  13  8  E
 0.341236854  4  13  8  e
 0.000000000  0  3  2  A
 0.007932278  0  2  2  A
 0.052158368  0  3  2  A
 0.083406956  0  2  2  A
 0.115632194  0  2  1  A
 0.148273368  0  2  2  A
 0.185643813  0  2  3  A
 0.233184793  0  1  3  A
 0.264328697  0  1  4  A
 0.284172341  0  2  4  A
 0.306983829  0  2  3  A
 0.326877965  0  2  3  a
 0.000000000  45  9  3  n
 0.012371395  45  8  3  n
 0.062278010  45  7  3  n
 0.090462770  45  6  3  n
 0.137842274  45  5  3  n
 0.165226157  45  5  2  n
 0.243071170  45  4  2  n
 0.288180324  45  3  2  n
 0.309200287  45  3  3  n
 0.333153099  45  3  3  é
 0.000000000  8  14  9  I
 0.008577079  8  14  10  I
 0.029180106  8  0  10  I
 0.045886434  8  0  11  I
 0.089496918  8  0  10  I
 0.352003396  8  0  11  I
 0.376174874  8  0  12  I
 0.425499979  8  0  12  i
 0.000000000  20  5  13  U
 0.009778594  20  5  14  U
 0.060699653  20  6  14  U
 0.101739633  20  5  14  U
 0.113802176  20  4  14  U
 0.141700280  20  3  14  U
 0.154997932  20  3  13  U
 0.165677688  20  4  13  U
 0.191944643  20  5  13  U
 0.226220565  20  5  14  U
 0.250874169  20  5  13  U
 0.285563827  20  5  14  U
 0.298688906  20  5  13  U
 0.333806698  20  5  14  U
 0.377953800  20  5  13  U
 0.422195188  20  5  13  u
 0.000000000  14  12  6  O
 0.009186185  14  12  7  O
 0.062784132  14  12  6  O
 0.110192232  14  12  7  O
 0.132270432  14  11  7  O
 0.174032601  14  10  7  O
 0.200416938  14  10  6  O
 0.244304980  14  10  7  O
 0.262945410  14  10  8  O
 0.274999054  14  10  7  O
 0.288997198  14  10  8  O
 0.316220706  14  9  8  O
 0.360634167  14  9  7  O
 0.373056854  14  9  8  O
 0.393518703  14  10  8  O
 0.408767955  14  10  7  O
 0.444035325  14  10  7  o
 0.000000000  28  13  10  ]
 0.010501783  28  14  10  ]
 0.054551700  28  14  9  ]
 0.080124762  28  14  8  ]
 0.341293845  28  0  8  ]
 0.374166383  28  0  9  ]
 0.387952460  28  0  8  ]
 0.405126016  28  14  8  ]
 0.606777764  28  14  7  ]
 0.640204117  28  14  8  ]
 0.679604250  28  14  7  ]
 0.727219318  28  13  7  ]
 0.000000000  56  8  11  y
 0.014226809  56  8  10  y
 0.026841067  56  9  10  y
 0.314205916  56  10  10  y
 0.353672439  56  11  10  y
 0.369346226  56  11  9  y
 0.403449374  56  12  9  y
 0.420602733  56  12  8  y
 0.469197650  56  12  7  y
 0.517501812  56  12  8  y
 0.564465580  56  11  8  y
 0.601117136  56  10  8  y
 0.619494806  56  10  7  y
 0.000000000  33  8  3  b
 0.011059597  33  8  4  b
 0.062268111  33  8  5  b
 0.322177489  33  8  6  b
 0.339185870  33  8  7  b
 0.356746466  33  9  7  b
 0.393533601  33  10  7  b
 0.408122955  33  11  7  b
 0.440839017  33  10  7  b
 0.724541330  33  11  7  b
 0.762463591  33  12  7  b
 0.784122456  33  12  6  b
 0.000000000  59  12  3  |
 0.014551859  59  13  3  |
 0.048537926  59  12  3  |
 0.111735694  59  12  2  |
 0.153062730  59  12  3  |
 0.425535473  59  12  4  |
 0.458766556  59  12  3  |
 0.492374181  59  12  4  |
 0.506791761  59  13  4  |
 0.554839462  59  13  4  ú
 0.000000000  43  7  1  l
 0.012147129  43  8  1  l
 0.045698263  43  8  2  l
 0.095744956  43  9  2  l
 0.125447383  43  9  1  l
 0.145946526  43  9  2  l
 0.191571500  43  10  2  l
 0.239075885  43  11  2  l
 0.249180129  43  12  2  l
 0.425561269  43  11  2  l
 0.445833548  43  11  3  l
 0.459620025  43  12  3  l
 0.474322561  43  13  3  l
 0.492340286  43  12  3  l
 0.524775092  43  11  3  l
 0.551775234  43  11  3  å
 0.000000000  15  1  13  P
 0.009304767  15  1  14  P
 0.036335605  15  2  14  P
 0.307221892  15  3  14  P
 0.353480769  15  4  14  P
 0.375869421  15  3  14  P
 0.388635055  15  3  13  P
 0.426414638  15  2  13  P
 0.462877923  15  3  13  P
 0.510308919  15  2  13  P
 0.532352525  15  2  12  P
 0.562283516  15  2  11  P
 0.585442450  15  2  11  p
 0.000000000  18  8  12  S
 0.009601721  18  8  11  S
 0.035979959  18  9  11  S
 0.060346207  18  8  11  S
 0.084274323  18  8  10  S
 0.314215815  18  9  10  S
 0.353686937  18  10  10  S
 0.392355882  18  9  10  S
 0.418936089  18  9  9  S
 0.454752274  18  8  9  S
 0.476734989  18  8  8  S
 0.514134530  18  8  9  S
 0.557836701  18  7  9  S
 0.593207554  18  7  10  S
 0.613437339  18  7  10  s
 0.000000000  21  6  13  V
 0.009832186  21  7  13  V
 0.056527495  21  8  13  V
 0.074595913  21  8  14  V
 0.101980796  21  8  0  V
 0.130817156  21  7  0  V
 0.168636132  21  7  1  V
 0.185394252  21  8  1  V
 0.207491949  21  7  1  V
 0.232225940  21  7  2  V
 0.272851085  21  7  3  V
 0.298066802  21  8  3  V
 0.322018813  21  8  4  V
 0.362372100  21  8  5  V
 0.384986717  21  8  6  V
 0.415885459  21  8  7  V
 0.463933760  21  8  6  V
 0.476439635  21  7  6  V
 0.506882647  21  8  6  V
 0.545763860  21  8  5  V
 0.576962656  21  8  4  V
 0.601673650  21  8  4  v
 0.000000000  26  0  6  [
 0.010353705  26  0  7  [
 0.057685817  26  1  7  [
 0.106398516  26  2  7  [
 0.125027747  26  2  6  [
 0.150725690  26  3  6  [
 0.185170986  26  4  6  [
 0.458311226  26  4  5  [
 0.497676265  26  3  5  [
 0.523648965  26  4  5  [
 0.548597823  26  4  4  [
 0.582657079  26  4  3  [
 0.607758413  26  4  4  [
 0.625630661  26  4  4  {
 0.000000000  31  6  9  `
 0.010820334  31  5  9  `
 0.036861924  31  5  10  `
 0.086617262  31  5  11  `
 0.120653421  31  5  12  `
 0.132356519  31  5  13  `
 0.180520502  31  6  13  `
 0.207481850  31  7  13  `
 0.233032316  31  7  12  `
 0.243445813  31  6  12  `
 0.283845092  31  6  11  `
 0.296492344  31  6  12  `
 0.321479796  31  7  12  `
 0.354268447  31  8  12  `
 0.374367252  31  8  13  `
 0.404055181  31  7  13  `
 0.424804886  31  7  12  `
 0.470679622  31  7  13  `
 0.487913368  31  6  13  `
 0.516000743  31  6  12  `
 0.529826614  31  6  13  `
 0.556940039  31  6  14  `
 0.576493728  31  5  14  `
 0.604400031  31  5  14  Ä
 0.000000000  10  4  3  K
 0.008738954  10  4  2  K
 0.026693389  10  4  3  K
 0.059405752  10  4  4  K
 0.079070924  10  4  3  K
 0.089213262  10  5  3  K
 0.126287653  10  5  2  K
 0.165170766  10  5  1  K
 0.196458948  10  4  1  K
 0.302055687  10  3  1  K
 0.330289240  10  3  2  K
 0.362912616  10  3  3  K
 0.620567441  10  4  3  K
 0.667620296  10  4  3  k
 0.000000000  24  13  14  Y
 0.010207928  24  13  0  Y
 0.060409098  24  13  1  Y
 0.097034858  24  13  2  Y
 0.124665103  24  13  1  Y
 0.167118466  24  14  1  Y
 0.378268152  24  14  2  Y
 0.411164686  24  13  2  Y
 0.438839125  24  14  2  Y
 0.463649304  24  14  1  Y
 0.498310367  24  14  0  Y
 0.533706816  24  0  0  Y
 0.562488984  24  0  14  Y
 0.577210617  24  0  13  Y
 0.614174126  24  14  13  Y
 0.627724339  24  14  12  Y
 0.689452534  24  14  11  Y
 0.707656531  24  13  11  Y
 0.726808381  24  14  11  Y
 0.740592759  24  13  11  Y
 0.773421604  24  13  11  y
 0.000000000  50  0  14  s
 0.013385139  50  14  14  s
 0.028604095  50  14  0  s
 0.086136336  50  14  1  s
 0.351830423  50  14  2  s
 0.378256953  50  13  2  s
 0.404131469  50  13  1  s
 0.420997372  50  13  0  s
 0.439283856  50  13  1  s
 0.483634027  50  13  2  s
 0.504217157  50  13  3  s
 0.524787590  50  12  3  s
 0.551809529  50  13  3  s
 0.815138780  50  13  3  ì
 0.000000000  30  3  11  _
 0.010722649  30  2  11  _
 0.041205355  30  2  12  _
 0.066176410  30  2  13  _
 0.087864570  30  2  14  _
 0.353492867  30  2  0  _
 0.390881210  30  3  0  _
 0.403727531  30  2  0  _
 0.436072251  30  2  1  _
 0.462737945  30  2  0  _
 0.492525258  30  1  0  _
 0.503425879  30  1  1  _
 0.538289311  30  1  2  _
 0.585174691  30  1  3  _
 0.630154065  30  2  3  _
 0.650783388  30  2  4  _
 0.690919608  30  3  4  _
 0.733146505  30  4  4  _
 0.953011849  30  5  4  _
 0.974608724  30  5  5  _
 1.008489106  30  6  5  _
 1.031285796  30  6  6  _
 0.000000000  53  4  9  v
 0.013758381  53  4  10  v
 0.053749823  53  4  11  v
 0.308689566  53  4  10  v
 0.358552488  53  4  11  v
 0.398224079  53  5  11  v
 0.416710332  53  5  12  v
 0.438578465  53  5  13  v
 0.697447903  53  5  14  v
 0.902940859  53  4  14  v
 0.938819535  53  5  14  v
 0.955493167  53  5  0  v
 0.976263069  53  4  0  v
 0.998698914  53  3  0  v
 1.040568167  53  3  14  v
 0.000000000  51  13  11  t
 0.013517418  51  13  10  t
 0.054564198  51  13  9  t
 0.086493981  51  13  10  t
 0.133793197  51  13  11  t
 0.157711714  51  12  11  t
 0.204840257  51  11  11  t
 0.252222861  51  12  11  t
 0.268274889  51  11  11  t
 0.311066900  51  12  11  t
 0.358413309  51  12  12  t
 0.377615052  51  13  12  t
 0.391571203  51  13  11  t
 0.437560821  51  13  10  t
 0.465046789  51  12  10  t
 0.477188519  51  12  9  t
 0.502410736  51  12  8  t
 0.522430353  51  12  9  t
 0.563323256  51  12  10  t
 0.608907636  51  12  9  t
 0.628766578  51  12  8  t
 0.676397344  51  12  9  t
 0.708072266  51  13  9  t
 0.724559428  51  13  10  t
 0.737230177  51  14  10  t
 0.747885336  51  13  10  t
 0.785802997  51  13  11  t
 1.041666998  51  14  11  t
 1.054724487  51  13  11  t
 1.070623439  51  14  11  t
 0.000000000  13  0  8  N
 0.009059505  13  1  8  N
 0.044731812  13  1  9  N
 0.057251684  13  1  10  N
 0.104998931  13  1  11  N
 0.148930766  13  0  11  N
 0.352028792  13  0  12  N
 0.376163076  13  14  12  N
 0.401847221  13  0  12  N
 0.689411340  13  0  11  N
 0.722947176  13  1  11  N
 0.875382803  13  1  10  N
 0.899978116  13  1  10  n
 0.000000000  2  3  12  C
 0.008064358  2  2  12  C
 0.028608095  2  3  12  C
 0.051824619  2  3  11  C
 0.065829063  2  2  11  C
 0.114661943  2  2  10  C
 0.153044833  2  3  10  C
 0.163358145  2  2  10  C
 0.192880699  2  3  10  C
 0.229034432  2  3  9  C
 0.239517917  2  3  10  C
 0.276783779  2  4  10  C
 0.326182872  2  3  10  C
 0.352706988  2  3  11  C
 0.382876542  2  2  11  C
 0.420564239  2  2  12  C
 0.461534430  2  2  11  C
 0.509986369  2  1  11  C
 0.547245732  2  1  10  C
 0.564791530  2  1  11  C
 0.613286762  2  0  11  C
 0.654246755  2  1  11  C
 0.684305026  2  1  10  C
 0.875367805  2  1  9  C
 0.899960518  2  1  8  C
 0.949123948  2  2  8  C
 0.969555602  2  1  8  C
 1.013557926  2  1  9  C
 1.062397105  2  0  9  C
 1.094729927  2  0  8  C
 1.138986412  2  1  8  C
 1.165105990  2  0  8  C
 1.177884322  2  0  7  C
 1.209137209  2  0  8  C
 1.238711355  2  0  9  C
 1.265719497  2  14  9  C
 1.289470839  2  0  9  C
 1.330672295  2  0  10  C
 1.365548624  2  0  9  C
 1.376102599  2  0  8  C
 1.401552080  2  0  9  C
 1.444780824  2  14  9  C
 1.474098709  2  13  9  C
 0.000000000  12  4  13  M
 0.008923026  12  3  13  M
 0.029280891  12  3  14  M
 0.070979170  12  3  0  M
 0.117905844  12  4  0  M
 0.330352130  12  4  1  M
 0.601195724  12  4  0  M
 0.612003060  12  3  0  M
 0.642231305  12  2  0  M
 0.679467671  12  2  14  M
 0.711521335  12  2  0  M
 0.728996944  12  1  0  M
 0.750613316  12  1  14  M
 0.794821708  12  2  14  M
 0.843120171  12  3  14  M
 0.889225771  12  2  14  M
 0.938404299  12  2  0  M
 0.953398590  12  1  0  M
 0.993718381  12  0  0  M
 1.027513077  12  1  0  M
 1.065124985  12  2  0  M
 1.076751795  12  3  0  M
 1.088223429  12  4  0  M
 1.125588875  12  5  0  M
 1.138189434  12  6  0  M
 1.177709049  12  6  1  M
 1.190577767  12  6  0  M
 1.206641094  12  6  1  M
 1.262399508  12  7  1  M
 1.290852326  12  6  1  M
 1.319647492  12  6  2  M
 1.362141249  12  6  1  M
 1.397948135  12  6  2  M
 1.431454376  12  5  2  M
 1.457263202  12  5  3  M
 1.495848060  12  5  4  M
 1.517002303  12  4  4  M
 1.547241946  12  4  5  M
 1.576087904  12  3  5  M
 0.000000000  19  5  7  T
 0.009716304  19  5  6  T
 0.033725706  19  4  6  T
 0.069333623  19  4  7  T
 0.115203660  19  5  7  T
 0.136106541  19  6  7  T
 0.181730416  19  6  8  T
 0.221913928  19  6  9  T
 0.257150902  19  6  8  T
 0.304982637  19  5  8  T
 0.320711815  19  5  9  T
 0.358700765  19  4  9  T
 0.394897291  19  3  9  T
 0.415562309  19  4  9  T
 0.433851293  19  3  9  T
 0.508640276  19  3  8  T
 0.555891300  19  4  8  T
 0.580150465  19  4  7  T
 0.620055220  19  3  7  T
 0.637921269  19  3  6  T
 0.663296961  19  2  6  T
 0.687221877  19  3  6  T
 0.700048502  19  3  7  T
 0.740425685  19  2  7  T
 0.761245079  19  1  7  T
 0.791586706  19  1  6  T
 0.830420927  19  1  5  T
 0.861329867  19  2  5  T
 0.887272372  19  3  5  T
 0.909624330  19  3  4  T
 0.953022448  19  2  4  T
 0.964417293  19  1  4  T
 0.992659244  19  2  4  T
 1.026004809  19  1  4  T
 1.074449250  19  1  3  T
 1.113515734  19  2  3  T
 1.131616347  19  2  4  T
 1.142245810  19  1  4  T
 1.169332339  19  2  4  T
 1.183911494  19  3  4  T
 1.227788237  19  2  4  T
 1.267519719  19  2  3  T
 1.279593060  19  2  2  T
 1.304427336  19  2  1  T
 1.320661836  19  1  1  T
 1.345239552  19  2  1  T
 1.386202744  19  2  1  t
 0.000000000  38  9  14  g
 0.011681201  38  10  14  g
 0.063440631  38  11  14  g
 0.110974311  38  10  14  g
 0.141201257  38  11  14  g
 0.172766696  38  11  13  g
 0.188095236  38  11  14  g
 0.215778073  38  11  0  g
 0.249298611  38  11  14  g
 0.289918056  38  11  13  g
 0.305991281  38  11  14  g
 0.321923728  38  11  13  g
 0.348438545  38  10  13  g
 0.358669370  38  9  13  g
 0.389495723  38  9  12  g
 0.435416952  38  9  11  g
 0.467221654  38  9  10  g
 0.511253774  38  8  10  g
 0.550954260  38  8  11  g
 0.576049896  38  8  10  g
 0.611597722  38  7  10  g
 0.882866351  38  8  10  g
 0.914223022  38  8  9  g
 0.961336967  38  9  9  g
 1.005955097  38  9  8  g
 1.052301460  38  10  8  g
 1.088514184  38  10  9  g
 1.115151682  38  11  9  g
 1.135440258  38  11  8  g
 1.175734553  38  11  7  g
 1.197211546  38  11  6  g
 1.215730994  38  11  5  g
 1.252566422  38  12  5  g
 1.299564685  38  12  4  g
 1.319334041  38  11  4  g
 1.350914578  38  11  3  g
 1.370292594  38  11  4  g
 1.410655278  38  11  5  g
 1.428224473  38  11  6  g
 1.453557072  38  12  6  g
 1.473673575  38  13  6  g
 1.518649949  38  13  5  g
 1.544235509  38  12  5  g
 1.560834053  38  13  5  g
 1.591159583  38  12  5  g
 1.612337822  38  12  4  g
 1.626082206  38  12  3  g
 0.000000000  29  9  7  ^
 0.010575771  29  8  7  ^
 0.276446031  29  8  8  ^
 0.301086537  29  8  9  ^
 0.315181866  29  7  9  ^
 0.331201799  29  6  9  ^
 0.342180009  29  5  9  ^
 0.394905590  29  6  9  ^
 0.439737686  29  5  9  ^
 0.469513101  29  6  9  ^
 0.536042057  29  7  9  ^
 0.551090739  29  7  8  ^
 0.582546796  29  6  8  ^
 0.626562718  29  5  8  ^
 0.669556597  29  6  8  ^
 0.707145409  29  5  8  ^
 0.720526649  29  5  7  ^
 0.750560724  29  5  8  ^
 0.768515959  29  5  7  ^
 0.811179289  29  5  8  ^
 0.825713651  29  6  8  ^
 0.843962541  29  6  7  ^
 0.886135547  29  5  7  ^
 0.896315480  29  6  7  ^
 0.946267288  29  5  7  ^
 0.990251815  29  4  7  ^
 1.012713256  29  3  7  ^
 1.053833724  29  3  6  ^
 1.084325829  29  2  6  ^
 1.117078685  29  3  6  ^
 1.163224579  29  3  5  ^
 1.180972047  29  3  6  ^
 1.201089949  29  2  6  ^
 1.226128893  29  2  5  ^
 1.261580734  29  3  5  ^
 1.299674568  29  3  6  ^
 1.374010421  29  4  6  ^
 1.393110880  29  4  5  ^
 1.416370898  29  3  5  ^
 1.433225603  29  3  6  ^
 1.460201049  29  3  7  ^
 1.485337778  29  3  6  ^
 1.518084836  29  2  6  ^
 1.559657534  29  3  6  ^
 1.591163783  29  3  7  ^
 1.640461791  29  4  7  ^
 0.000000000  5  7  5  F
 0.008317719  5  8  5  F
 0.041393926  5  9  5  F
 0.322164691  5  8  5  F
 0.344608535  5  8  6  F
 0.370483850  5  8  7  F
 0.400557420  5  9  7  F
 0.444135009  5  9  6  F
 0.506980632  5  9  5  F
 0.520393366  5  10  5  F
 0.542140818  5  11  5  F
 0.556120965  5  11  4  F
 0.576949458  5  10  4  F
 0.616652044  5  9  4  F
 0.628327346  5  8  4  F
 0.887721903  5  9  4  F
 0.926720398  5  9  3  F
 0.948101205  5  10  3  F
 0.991200669  5  10  4  F
 1.010612080  5  11  4  F
 1.037737103  5  12  4  F
 1.055741330  5  12  5  F
 1.074638020  5  13  5  F
 1.116085738  5  14  5  F
 1.159050922  5  14  6  F
 1.180110779  5  0  6  F
 1.211848892  5  1  6  F
 1.253931212  5  2  6  F
 1.295671384  5  2  5  F
 1.339032407  5  1  5  F
 1.380436232  5  0  5  F
 1.422633534  5  0  5  f
 0.000000000  6  12  7  G
 0.008402306  6  13  7  G
 0.062774933  6  14  7  G
 0.300058495  6  14  8  G
 0.374180581  6  13  8  G
 0.606718374  6  12  8  G
 0.640263808  6  12  7  G
 0.656582295  6  12  6  G
 0.682666079  6  11  6  G
 0.728265657  6  10  6  G
 0.755345387  6  10  5  G
 0.791390237  6  11  5  G
 0.830513412  6  10  5  G
 0.864471283  6  10  6  G
 0.892002344  6  9  6  G
 0.925996309  6  8  6  G
 0.963132091  6  9  6  G
 0.988388102  6  9  7  G
 1.018463171  6  10  7  G
 1.048925980  6  9  7  G
 1.070873300  6  9  6  G
 1.106292446  6  9  7  G
 1.142606254  6  9  8  G
 1.157737624  6  9  7  G
 1.188851833  6  10  7  G
 1.226499536  6  10  8  G
 1.237623023  6  9  8  G
 1.279350598  6  8  8  G
 1.316226219  6  7  8  G
 1.331597652  6  7  9  G
 1.356564908  6  6  9  G
 1.397416217  6  7  9  G
 1.422240994  6  7  10  G
 1.454241767  6  6  10  G
 1.494541561  6  6  9  G
 1.537785802  6  6  10  G
 1.562954627  6  7  10  G
 1.608096175  6  6  10  G
 1.624557141  6  6  11  G
 1.642765937  6  6  10  G
 1.670248805  6  7  10  G
 1.692835427  6  8  10  G
 1.721211257  6  8  9  G
 1.766171934  6  7  9  G
 1.806029696  6  7  8  G
 1.832485822  6  6  8  G
 1.853114646  6  6  9  G
 1.896761825  6  5  9  G
 1.930765689  6  5  10  G
 0.000000000  11  8  2  L
 0.008835939  11  9  2  L
 0.035931367  11  9  3  L
 0.075332400  11  9  4  L
 0.291291545  11  10  4  L
 0.335222480  11  11  4  L
 0.370231289  11  11  5  L
 0.403054335  11  11  6  L
 0.413219070  11  10  6  L
 0.425347002  11  9  6  L
 0.458817648  11  8  6  L
 0.506916842  11  9  6  L
 0.522977069  11  9  5  L
 0.565004197  11  8  5  L
 0.601688248  11  8  6  L
 0.637600618  11  7  6  L
 0.647745256  11  7  5  L
 0.696214692  11  7  6  L
 0.742022439  11  7  5  L
 0.771347023  11  7  4  L
 0.818667136  11  7  3  L
 0.864851125  11  7  2  L
 0.895364626  11  7  3  L
 0.915512624  11  7  2  L
 0.949200736  11  6  2  L
 0.989679603  11  5  2  L
 1.029751732  11  5  3  L
 1.076923968  11  5  2  L
 1.115620010  11  6  2  L
 1.149816044  11  6  1  L
 1.206653792  11  5  1  L
 1.262388110  11  5  2  L
 1.311073313  11  5  3  L
 1.344109126  11  4  3  L
 1.358739073  11  3  3  L
 1.401194935  11  3  2  L
 1.442157128  11  2  2  L
 1.490220627  11  3  2  L
 1.523637481  11  3  3  L
 1.548600037  11  3  4  L
 1.585466760  11  3  3  L
 1.632757178  11  4  3  L
 1.673328330  11  3  3  L
 1.718224717  11  2  3  L
 1.748617537  11  2  4  L
 1.783242605  11  1  4  L
 1.799018576  11  2  4  L
 1.836185653  11  2  5  L
 1.857381689  11  2  6  L
 1.883322694  11  2  5  L
 1.910363430  11  1  5  L
 1.930485232  11  0  5  L
 1.941008711  11  0  5  l
 0.000000000  1  1  12  B
 0.007997968  1  0  12  B
 0.059075003  1  0  13  B
 0.101490172  1  0  14  B
 0.137030599  1  14  14  B
 0.170849891  1  13  14  B
 0.210941618  1  14  14  B
 0.226176572  1  14  0  B
 0.351849020  1  14  14  B
 0.367051979  1  14  13  B
 0.399605766  1  14  14  B
 0.431890095  1  14  0  B
 0.447346115  1  14  14  B
 0.462642859  1  13  14  B
 0.473183436  1  12  14  B
 0.504810266  1  11  14  B
 0.545356322  1  12  14  B
 0.575622762  1  12  0  B
 0.610906529  1  11  0  B
 0.652684295  1  12  0  B
 0.699479090  1  11  0  B
 0.736117648  1  10  0  B
 0.751472883  1  11  0  B
 0.773420304  1  12  0  B
 0.813208077  1  12  14  B
 0.851249519  1  13  14  B
 0.900534630  1  13  13  B
 0.912636566  1  12  13  B
 0.955864010  1  13  13  B
 1.002850275  1  14  13  B
 1.020675130  1  14  12  B
 1.052326356  1  0  12  B
 1.092454277  1  0  13  B
 1.119846359  1  1  13  B
 1.149989217  1  1  12  B
 1.161244184  1  1  13  B
 1.186918831  1  0  13  B
 1.205858114  1  1  13  B
 1.255093933  1  2  13  B
 1.272154806  1  3  13  B
 1.292521369  1  2  13  B
 1.332018088  1  2  14  B
 1.363539934  1  3  14  B
 1.390787838  1  3  0  B
 1.431586155  1  2  0  B
 1.477139141  1  3  0  B
 1.525193041  1  3  1  B
 1.672694028  1  4  1  B
 1.704380549  1  3  1  B
 1.723021978  1  2  1  B
 1.763445954  1  2  2  B
 1.802407054  1  3  2  B
 1.831995198  1  2  2  B
 1.851099156  1  3  2  B
 1.869600607  1  4  2  B
 1.903046057  1  4  3  B
 1.916288718  1  3  3  B
 1.953210033  1  3  2  B
 2.000459957  1  3  1  B
 2.013990973  1  2  1  B
 2.029437695  1  2  0  B
 2.061578045  1  3  0  B
 2.098146714  1  4  0  B
 2.135147317  1  3  0  B
 2.179259624  1  3  1  B
 2.189687918  1  4  1  B
 2.214373517  1  3  1  B
 2.262355029  1  3  2  B
 2.280156287  1  2  2  B
 0.000000000  47  9  4  p
 0.012635054  47  9  5  p
 0.291273948  47  10  5  p
 0.322132596  47  11  5  p
 0.355333383  47  12  5  p
 0.379314891  47  12  4  p
 0.397959919  47  12  5  p
 0.431142110  47  12  4  p
 0.492439171  47  13  4  p
 0.505746822  47  13  3  p
 0.551819727  47  13  4  p
 0.815129581  47  13  3  p
 1.076661309  47  14  3  p
 1.114688753  47  14  2  p
 1.128593612  47  14  3  p
 1.150962068  47  14  2  p
 1.195818560  47  0  2  p
 1.222422664  47  0  3  p
 1.252784288  47  14  3  p
 1.270102322  47  13  3  p
 1.312493994  47  14  3  p
 1.333558650  47  14  2  p
 1.364443994  47  14  3  p
 1.392206819  47  13  3  p
 1.409290389  47  12  3  p
 1.430282156  47  12  2  p
 1.461484152  47  13  2  p
 1.484816559  47  12  2  p
 1.499935631  47  11  2  p
 1.533857207  47  10  2  p
 1.579445587  47  10  3  p
 1.611412665  47  9  3  p
 1.643343848  47  9  2  p
 1.691469437  47  8  2  p
 1.714288523  47  7  2  p
 1.733269200  47  6  2  p
 1.780884868  47  6  1  p
 1.822092323  47  6  0  p
 1.842430291  47  6  14  p
 1.858585403  47  5  14  p
 1.882589607  47  5  0  p
 1.932366942  47  5  14  p
 1.961520853  47  6  14  p
 2.002057611  47  5  14  p
 2.035245600  47  6  14  p
 2.065690712  47  5  14  p
 2.090291224  47  5  13  p
 2.166095851  47  6  13  p
 2.210795968  47  6  12  p
 2.240710562  47  7  12  p
 2.273956142  47  7  13  p
 2.310456722  47  8  13  p
 2.334852665  47  8  14  p
 2.354229981  47  8  0  p
 2.398813016  47  9  0  p
 2.426098114  47  10  0  p
 2.446270408  47  11  0  p
 0.000000000  25  5  12  Z
 0.010278717  25  6  12  Z
 0.032245034  25  6  11  Z
 0.079874300  25  6  12  Z
 0.122998460  25  5  12  Z
 0.180542799  25  6  12  Z
 0.217779465  25  5  12  Z
 0.231026325  25  5  11  Z
 0.270618528  25  4  11  Z
 0.358563586  25  5  11  Z
 0.398215280  25  6  11  Z
 0.416700034  25  6  10  Z
 0.435192286  25  6  9  Z
 0.469524300  25  7  9  Z
 0.499641162  25  6  9  Z
 0.513894667  25  6  10  Z
 0.536031158  25  6  11  Z
 0.566205712  25  6  12  Z
 0.602087287  25  6  11  Z
 0.622034715  25  6  10  Z
 0.641663692  25  6  9  Z
 0.676702397  25  6  8  Z
 0.720557844  25  5  8  Z
 0.750602517  25  4  8  Z
 0.768503061  25  3  8  Z
 0.803541666  25  3  7  Z
 0.853304803  25  4  7  Z
 0.896088015  25  4  6  Z
 0.944098522  25  3  6  Z
 0.964051449  25  3  7  Z
 1.009405565  25  3  8  Z
 1.032815761  25  3  9  Z
 1.058679378  25  3  10  Z
 1.076009409  25  3  9  Z
 1.089103893  25  3  8  Z
 1.121408219  25  2  8  Z
 1.167700190  25  3  8  Z
 1.217285955  25  3  7  Z
 1.256104277  25  4  7  Z
 1.276647514  25  3  7  Z
 1.308853655  25  3  6  Z
 1.337971671  25  2  6  Z
 1.373949831  25  1  6  Z
 1.404227968  25  0  6  Z
 1.436218042  25  0  5  Z
 1.722166910  25  0  4  Z
 1.754148785  25  0  5  Z
 1.772228701  25  14  5  Z
 1.801772352  25  14  4  Z
 1.844306802  25  13  4  Z
 1.858156370  25  14  4  Z
 1.872977787  25  13  4  Z
 1.886943837  25  13  5  Z
 1.934032486  25  13  6  Z
 1.948721824  25  13  5  Z
 1.970867514  25  12  5  Z
 2.004716301  25  12  4  Z
 2.025969629  25  12  5  Z
 2.073132866  25  12  6  Z
 2.088297231  25  13  6  Z
 2.119511824  25  14  6  Z
 2.141960868  25  13  6  Z
 2.154519234  25  13  5  Z
 2.175276238  25  13  6  Z
 2.206416142  25  13  5  Z
 2.250038525  25  12  5  Z
 2.286694581  25  13  5  Z
 2.313830802  25  14  5  Z
 2.332273062  25  14  6  Z
 2.364413713  25  14  7  Z
 2.408350747  25  14  8  Z
 2.424731025  25  14  7  Z
 2.456582520  25  14  6  Z
 2.501620685  25  14  5  Z
 2.523973343  25  0  5  Z
 2.536322441  25  1  5  Z
 2.558644904  25  2  5  Z
 2.571658900  25  1  5  Z
 2.605598374  25  1  6  Z
 2.634041194  25  1  7  Z
 2.646617358  25  1  8  Z
 2.661232807  25  1  7  Z
 2.715605635  25  1  6  Z
 2.731397603  25  0  6  Z
 0.000000000  41  10  0  j
 0.011950260  41  9  0  j
 0.042904493  41  9  1  j
 0.061764589  41  9  2  j
 0.075344198  41  9  1  j
 0.101339695  41  10  1  j
 0.138643951  41  9  1  j
 0.191589198  41  8  1  j
 0.232286531  41  8  2  j
 0.242933791  41  9  2  j
 0.277954699  41  9  3  j
 0.325788833  41  9  4  j
 0.371520991  41  10  4  j
 0.383381764  41  9  4  j
 0.424408447  41  10  4  j
 0.471933129  41  11  4  j
 0.498670211  41  11  3  j
 0.512476086  41  10  3  j
 0.541102977  41  11  3  j
 0.816100032  41  12  3  j
 0.856547703  41  12  2  j
 0.880222558  41  11  2  j
 0.914437089  41  12  2  j
 0.962724054  41  12  3  j
 0.994722426  41  11  3  j
 1.033490057  41  11  2  j
 1.050316766  41  11  1  j
 1.075962417  41  11  2  j
 1.110961827  41  12  2  j
 1.137028413  41  12  1  j
 1.175058057  41  11  1  j
 1.209167005  41  10  1  j
 1.246169907  41  10  2  j
 1.291148181  41  9  2  j
 1.316258214  41  8  2  j
 1.340934615  41  8  1  j
 1.361673521  41  7  1  j
 1.376928472  41  7  2  j
 1.421419221  41  7  3  j
 1.440892222  41  7  2  j
 1.460994727  41  8  2  j
 1.472900194  41  7  2  j
 1.499225340  41  7  3  j
 1.520995288  41  7  2  j
 1.533278496  41  6  2  j
 1.555426686  41  5  2  j
 1.574442558  41  5  1  j
 1.590770843  41  5  2  j
 1.609728524  41  6  2  j
 1.640381304  41  6  1  j
 1.654355452  41  6  0  j
 1.675189944  41  6  1  j
 1.707547161  41  5  1  j
 1.718179324  41  6  1  j
 1.754317559  41  7  1  j
 1.798243295  41  7  0  j
 1.838879838  41  8  0  j
 1.868850523  41  8  1  j
 1.879503882  41  7  1  j
 1.889755404  41  7  0  j
 1.927745854  41  7  1  j
 1.941890576  41  7  2  j
 1.970205915  41  6  2  j
 1.993998052  41  5  2  j
 2.017413746  41  4  2  j
 2.061248096  41  3  2  j
 2.097039585  41  4  2  j
 2.131854024  41  4  3  j
 2.146602953  41  3  3  j
 2.163910988  41  3  4  j
 2.188559292  41  3  3  j
 2.226181799  41  3  2  j
 2.251377019  41  3  3  j
 2.273016287  41  3  2  j
 2.306475635  41  4  2  j
 2.351468506  41  3  2  j
 2.385792821  41  3  1  j
 2.412702677  41  3  2  j
 2.451835651  41  3  1  j
 2.496448881  41  4  1  j
 2.522332196  41  4  2  j
 2.539058320  41  4  1  j
 2.577982526  41  5  1  j
 2.612591897  41  6  1  j
 2.642010367  41  7  1  j
 2.688431619  41  6  1  j
 2.700836809  41  6  2  j
 2.711587453  41  6  3  j
 2.735936104  41  6  4  j
 2.758898368  41  7  4  j
 2.809015951  41  6  4  j
 2.830495843  41  6  3  j
 2.843132998  41  6  2  j
 2.858626612  41  6  3  j
 2.884195375  41  7  3  j
 2.907921721  41  6  3  j
 2.930565535  41  5  3  j
 0.000000000  3  3  8  D
 0.008147045  3  4  8  D
 0.285687008  3  3  8  D
 0.322582827  3  4  8  D
 0.345148252  3  3  8  D
 0.360962717  3  4  8  D
 0.372853386  3  3  8  D
 0.419086766  3  3  9  D
 0.464720439  3  3  8  D
 0.508599383  3  2  8  D
 0.555875403  3  2  9  D
 0.583694519  3  2  10  D
 0.614664650  3  2  11  D
 0.875284418  3  2  12  D
 0.892665742  3  2  11  D
 0.935652822  3  3  11  D
 0.945973533  3  3  12  D
 0.956117871  3  3  13  D
 0.978799478  3  3  14  D
 1.007265895  3  4  14  D
 1.020819108  3  4  0  D
 1.060983723  3  5  0  D
 1.093386333  3  5  1  D
 1.117793475  3  5  2  D
 1.163365058  3  5  1  D
 1.187726906  3  4  1  D
 1.204101485  3  5  1  D
 1.223101259  3  5  2  D
 1.262359314  3  4  2  D
 1.292259910  3  3  2  D
 1.328953759  3  3  3  D
 1.340059249  3  3  2  D
 1.367418536  3  3  1  D
 1.388552082  3  2  1  D
 1.672664033  3  1  1  D
 1.708650991  3  1  0  D
 1.758721481  3  2  0  D
 1.808872059  3  1  0  D
 1.852950271  3  2  0  D
 1.875062466  3  2  14  D
 1.903701956  3  2  13  D
 1.916852231  3  1  13  D
 1.954976661  3  1  14  D
 1.971354439  3  1  0  D
 2.004544728  3  0  0  D
 2.046777125  3  0  1  D
 2.056992652  3  14  1  D
 2.103090753  3  14  0  D
 2.138412714  3  0  0  D
 2.176781106  3  0  14  D
 2.208576610  3  0  0  D
 2.255687255  3  0  1  D
 2.286231952  3  14  1  D
 2.331628461  3  14  0  D
 2.350701025  3  0  0  D
 2.392830437  3  0  14  D
 2.426581640  3  1  14  D
 2.453833444  3  1  13  D
 2.464227843  3  2  13  D
 2.481279917  3  1  13  D
 2.519590118  3  2  13  D
 2.565523645  3  2  12  D
 2.613867401  3  2  13  D
 2.632356753  3  2  14  D
 2.671695596  3  2  0  D
 2.683319106  3  2  1  D
 2.714800858  3  1  1  D
 2.757148338  3  1  2  D
 2.775025685  3  1  1  D
 2.786664593  3  1  2  D
 2.819612419  3  1  3  D
 2.837403780  3  1  2  D
 2.876272095  3  0  2  D
 2.921644908  3  14  2  D
 2.932990461  3  13  2  D
 0.000000000  55  12  0  x
 0.014060035  55  13  0  x
 0.097053855  55  12  0  x
 0.111465736  55  12  14  x
 0.380964537  55  11  14  x
 0.413822577  55  11  13  x
 0.438577165  55  11  14  x
 0.474166285  55  10  14  x
 0.495773658  55  10  0  x
 0.516684937  55  9  0  x
 0.536316814  55  9  14  x
 0.583884490  55  9  0  x
 0.618579947  55  9  14  x
 0.641015692  55  8  14  x
 0.651617560  55  8  0  x
 0.667855959  55  8  1  x
 0.682259941  55  8  0  x
 0.703135227  55  7  0  x
 0.749691158  55  7  14  x
 0.780978340  55  8  14  x
 0.829597553  55  8  0  x
 0.870937088  55  8  14  x
 0.903785429  55  8  0  x
 0.917528613  55  9  0  x
 0.957016033  55  10  0  x
 1.005953797  55  11  0  x
 1.016273108  55  11  14  x
 1.048540739  55  11  13  x
 1.073004972  55  10  13  x
 1.116934907  55  10  12  x
 1.148272382  55  10  11  x
 1.197204947  55  10  10  x
 1.219509112  55  10  9  x
 1.256848463  55  9  9  x
 1.305856716  55  10  9  x
 1.340296213  55  9  9  x
 1.377909521  55  9  8  x
 1.417411838  55  9  9  x
 1.430459729  55  10  9  x
 1.477904923  55  10  8  x
 1.491227871  55  10  7  x
 1.525942026  55  11  7  x
 1.554368149  55  12  7  x
 1.567357948  55  11  7  x
 1.599296130  55  11  6  x
 1.626472546  55  10  6  x
 1.645644693  55  11  6  x
 1.660289938  55  11  5  x
 1.703128442  55  12  5  x
 1.749872844  55  11  5  x
 1.799935735  55  10  5  x
 1.849495603  55  10  4  x
 1.882605605  55  10  5  x
 1.925457706  55  10  4  x
 1.961701725  55  11  4  x
 1.974719720  55  11  3  x
 2.011945288  55  11  2  x
 2.050282485  55  11  1  x
 2.095986347  55  11  2  x
 2.112510403  55  11  1  x
 2.142733149  55  12  1  x
 2.163526847  55  12  0  x
 2.187371575  55  12  1  x
 2.203888132  55  11  1  x
 2.214477601  55  11  2  x
 2.263500152  55  11  3  x
 2.304959068  55  10  3  x
 2.349124067  55  10  4  x
 2.380501036  55  9  4  x
 2.414658176  55  9  5  x
 2.440967825  55  9  4  x
 2.453093857  55  8  4  x
 2.483008351  55  8  5  x
 2.515316476  55  8  4  x
 2.558064293  55  8  3  x
 2.583312906  55  7  3  x
 2.625436719  55  8  3  x
 2.641216589  55  7  3  x
 2.676665931  55  7  2  x
 2.722456180  55  7  3  x
 2.742646371  55  8  3  x
 2.773628000  55  9  3  x
 2.812752276  55  8  3  x
 2.855589180  55  8  3  ò
 0.000000000  7  2  5  H
 0.008487793  7  1  5  H
 0.050771382  7  2  5  H
 0.072379254  7  2  4  H
 0.083859787  7  3  4  H
 0.099864422  7  2  4  H
 0.139765578  7  2  5  H
 0.174487231  7  3  5  H
 0.433788502  7  3  4  H
 0.458304227  7  3  3  H
 0.667634493  7  4  3  H
 0.931764121  7  4  2  H
 0.952945159  7  4  1  H
 0.984302831  7  4  0  H
 1.040581165  7  4  1  H
 1.060973225  7  3  1  H
 1.100658814  7  3  0  H
 1.139138188  7  3  14  H
 1.173030969  7  4  14  H
 1.204223966  7  4  0  H
 1.248248287  7  4  1  H
 1.260709668  7  3  1  H
 1.294165216  7  3  0  H
 1.323723865  7  3  14  H
 1.343012295  7  3  13  H
 1.388554082  7  3  14  H
 1.431599453  7  2  14  H
 1.447852951  7  2  0  H
 1.525204240  7  3  0  H
 1.672707126  7  3  1  H
 1.704395747  7  2  1  H
 1.721607196  7  2  0  H
 1.763434655  7  3  0  H
 1.808818867  7  3  1  H
 1.857328697  7  3  0  H
 1.882605305  7  3  14  H
 1.914770752  7  4  14  H
 1.940997913  7  4  13  H
 1.975385618  7  5  13  H
 2.021677190  7  5  12  H
 2.057292105  7  4  12  H
 2.070561562  7  5  12  H
 2.115222185  7  5  13  H
 2.132137980  7  6  13  H
 2.166084153  7  6  12  H
 2.210782570  7  5  12  H
 2.230421946  7  6  12  H
 2.274013833  7  6  11  H
 2.305467390  7  7  11  H
 2.316824741  7  6  11  H
 2.353641272  7  5  11  H
 2.389547543  7  6  11  H
 2.434990145  7  7  11  H
 2.446857718  7  6  11  H
 2.485878209  7  6  12  H
 2.502235690  7  6  11  H
 2.535127825  7  5  11  H
 2.571655001  7  5  12  H
 2.597381039  7  5  13  H
 2.609142428  7  5  12  H
 2.638006883  7  6  12  H
 2.663587344  7  7  12  H
 2.678139504  7  6  12  H
 2.721488729  7  6  13  H
 2.735534166  7  6  12  H
 2.781853334  7  6  11  H
 2.802465460  7  6  12  H
 2.840722069  7  5  12  H
 2.872234117  7  4  12  H
 2.909232819  7  4  13  H
 2.950491666  7  5  13  H
 2.966242741  7  6  13  H
 3.011911109  7  6  14  H
 3.055678769  7  6  13  H
 3.091532248  7  7  13  H
 3.110359749  7  8  13  H
 3.160142684  7  8  14  H
 3.193646825  7  8  13  H
 3.223878570  7  8  14  H
 3.256887587  7  9  14  H
 3.276081831  7  9  13  H
 3.301842864  7  10  13  H
 0.000000000  42  5  1  k
 0.012040146  42  5  2  k
 0.038025444  42  5  1  k
 0.052594101  42  5  2  k
 0.073768640  42  6  2  k
 0.122098698  42  5  2  k
 0.196474145  42  4  2  k
 0.243012779  42  4  3  k
 0.277642247  42  4  4  k
 0.292909096  42  5  4  k
 0.303937998  42  5  5  k
 0.320985073  42  4  5  k
 0.458359619  42  5  5  k
 0.497666566  42  5  4  k
 0.546806899  42  5  5  k
 0.581790112  42  5  4  k
 0.616639646  42  4  4  k
 0.895898344  42  4  3  k
 0.952978254  42  4  4  k
 0.974620522  42  4  5  k
 1.011158595  42  5  5  k
 1.036855638  42  5  4  k
 1.063795990  42  4  4  k
 1.081864608  42  4  3  k
 1.106248253  42  4  4  k
 1.139313261  42  3  4  k
 1.173520294  42  3  3  k
 1.216907513  42  3  2  k
 1.236144351  42  3  3  k
 1.268865012  42  2  3  k
 1.309170006  42  1  3  k
 1.338197936  42  1  2  k
 1.352216877  42  1  1  k
 1.386213742  42  2  1  k
 1.650449154  42  1  1  k
 1.672629438  42  0  1  k
 1.697331534  42  1  1  k
 1.758734279  42  1  2  k
 1.807618652  42  1  3  k
 1.837264587  42  0  3  k
 1.850459355  42  0  2  k
 1.881977701  42  1  2  k
 1.895971747  42  2  2  k
 1.914867837  42  1  2  k
 1.960732974  42  1  3  k
 1.999688576  42  2  3  k
 2.046072333  42  2  4  k
 2.067351656  42  1  4  k
 2.083319398  42  1  5  k
 2.221222062  42  1  6  k
 2.238856347  42  0  6  k
 2.254722404  42  14  6  k
 2.281298212  42  0  6  k
 2.310369635  42  14  6  k
 2.324333385  42  14  7  k
 2.364397216  42  0  7  k
 2.408336749  42  0  6  k
 2.446907710  42  0  7  k
 2.464428412  42  0  6  k
 2.501842851  42  14  6  k
 2.523988141  42  0  6  k
 2.570102740  42  1  6  k
 2.595960058  42  0  6  k
 2.609809725  42  1  6  k
 2.646629556  42  1  7  k
 2.678690419  42  1  6  k
 2.715550043  42  1  5  k
 2.726082921  42  1  6  k
 2.770393298  42  0  6  k
 2.797863968  42  0  7  k
 2.839804210  42  0  8  k
 2.864395624  42  0  9  k
 2.904674921  42  1  9  k
 2.945233376  42  1  10  k
 2.994882831  42  2  10  k
 3.039594646  42  1  10  k
 3.080512645  42  1  11  k
 3.097401345  42  1  10  k
 3.147451238  42  1  11  k
 3.192825551  42  0  11  k
 3.231815847  42  0  12  k
 3.264817466  42  14  12  k
 3.313290302  42  14  13  k
 3.362605008  42  14  12  k
 3.385536177  42  13  12  k
 3.407677568  42  14  12  k
 3.442824256  42  0  12  k
 3.472365007  42  0  13  k
 3.522296918  42  1  13  k
 3.556328278  42  2  13  k
 3.577535213  42  3  13  k
 3.603598899  42  3  14  k
 3.614834369  42  3  0  k
 3.650768236  42  3  14  k
 3.661590070  42  4  14  k
 3.697303170  42  4  0  k
 0.000000000  49  4  6  r
 0.013181670  49  3  6  r
 0.065330540  49  3  5  r
 0.096044710  49  3  6  r
 0.143560393  49  3  5  r
 0.170660820  49  4  5  r
 0.433766806  49  3  5  r
 0.458346821  49  3  6  r
 0.480424621  49  2  6  r
 0.513874670  49  2  7  r
 0.549026957  49  1  7  r
 0.560826640  49  1  8  r
 0.605239801  49  1  9  r
 0.643203855  49  1  10  r
 0.660051561  49  2  10  r
 0.875334910  49  2  11  r
 0.909849196  49  1  11  r
 0.929690040  49  1  10  r
 1.187850187  49  1  9  r
 1.220958289  49  1  8  r
 1.270152414  49  1  7  r
 1.284200051  49  1  8  r
 1.329235016  49  1  9  r
 1.358452117  49  1  8  r
 1.393862464  49  0  8  r
 1.444791422  49  0  9  r
 1.474120606  49  0  8  r
 1.502236676  49  0  7  r
 1.520069330  49  1  7  r
 1.536620982  49  2  7  r
 1.552995960  49  3  7  r
 1.564424000  49  2  7  r
 1.588049762  49  3  7  r
 1.603676856  49  3  8  r
 1.634643887  49  3  7  r
 1.663212688  49  2  7  r
 1.678735798  49  3  7  r
 1.697467913  49  2  7  r
 1.712120557  49  2  6  r
 1.751976520  49  2  7  r
 1.793190073  49  3  7  r
 1.841070900  49  2  7  r
 1.869222566  49  1  7  r
 1.887460157  49  1  6  r
 1.937144806  49  1  5  r
 1.953635467  49  0  5  r
 2.221205465  49  14  5  r
 2.236103671  49  14  4  r
 2.249936741  49  13  4  r
 2.287908094  49  12  4  r
 2.320534170  49  12  5  r
 2.364339324  49  12  4  r
 2.398640143  49  11  4  r
 2.436531208  49  11  5  r
 2.455906524  49  11  6  r
 2.485953498  49  10  6  r
 2.512566100  49  10  5  r
 2.536163966  49  9  5  r
 2.549882653  49  10  5  r
 2.589682925  49  10  4  r
 2.626188903  49  9  4  r
 2.640038771  49  9  3  r
 2.688715875  49  9  2  r
 2.702971480  49  10  2  r
 2.718056957  49  10  3  r
 2.745791286  49  10  4  r
 2.758821380  49  9  4  r
 2.805297924  49  8  4  r
 2.847123483  49  8  3  r
 3.137308500  49  7  3  r
 3.177432621  49  7  2  r
 3.202156314  49  7  3  r
 3.229019978  49  6  3  r
 3.246308516  49  7  3  r
 3.265580148  49  6  3  r
 3.312366144  49  7  3  r
 3.327914450  49  8  3  r
 3.373443839  49  8  2  r
 3.411158932  49  7  2  r
 3.447343160  49  7  1  r
 3.486287563  49  7  0  r
 3.527848264  49  7  14  r
 3.548085747  49  6  14  r
 3.577564108  49  7  14  r
 3.611990607  49  6  14  r
 3.643972682  49  7  14  r
 3.692123068  49  7  0  r
 3.703342740  49  6  0  r
 3.740021293  49  6  1  r
 3.757599586  49  6  2  r
 3.775069496  49  5  2  r
 3.789182323  49  6  2  r
 3.803388435  49  6  3  r
 3.834714712  49  6  4  r
 3.855791566  49  5  4  r
 3.881812659  49  4  4  r
 3.898284723  49  4  5  r
 3.930875604  49  4  6  r
