-1 15 15 15
0.001600 1 8 10 B
0.016730 1 8 9 B
0.286461 1 8 9 b
0.001600 11 5 8 L
0.302559 11 5 8 l
0.001605 5 1 3 F
0.035707 5 1 4 F
0.048945 5 2 4 F
0.089360 5 2 3 F
0.119980 5 3 3 F
0.134038 5 3 4 F
0.148654 5 3 5 F
0.169793 5 4 5 F
0.206506 5 4 6 F
0.251721 5 5 6 F
0.269165 5 5 7 F
0.290774 5 4 7 F
0.327880 5 3 7 F
0.364388 5 3 8 F
0.414544 5 2 8 F
0.458801 5 3 8 F
0.723805 5 3 8 f
0.001772 9 5 10 J
0.020846 9 5 9 J
0.302812 9 5 8 J
0.345777 9 5 7 J
0.374344 9 5 6 J
0.387039 9 5 5 J
0.401521 9 4 5 J
0.444484 9 4 4 J
0.464695 9 5 4 J
0.478313 9 5 3 J
0.490388 9 5 2 J
0.505726 9 6 2 J
0.550019 9 7 2 J
0.599338 9 7 3 J
0.634518 9 7 4 J
0.666763 9 6 4 J
0.686827 9 7 4 J
0.730922 9 7 5 J
0.760057 9 7 6 J
0.799329 9 7 5 J
0.816955 9 7 6 J
0.857799 9 6 6 J
0.001580 6 2 0 G
0.033874 6 2 1 G
0.077106 6 3 1 G
0.125954 6 3 2 G
0.162612 6 3 1 G
0.181334 6 3 0 G
0.213413 6 3 14 G
0.257566 6 3 13 G
0.286503 6 3 12 G
0.322952 6 2 12 G
0.358108 6 1 12 G
0.387047 6 1 13 G
0.418206 6 0 13 G
0.448373 6 14 13 G
0.461885 6 0 13 G
0.495704 6 14 13 G
0.523602 6 14 14 G
0.559771 6 13 14 G
0.574051 6 13 0 G
0.622399 6 14 0 G
0.647436 6 13 0 G
0.686778 6 13 1 G
0.709330 6 13 0 G
0.748445 6 14 0 G
0.766486 6 14 1 G
0.809048 6 0 1 G
0.836352 6 1 1 G
0.855516 6 2 1 G
0.883205 6 2 0 G
0.001826 10 9 14 K
0.016716 10 9 13 K
0.052148 10 9 14 K
0.065358 10 8 14 K
0.099316 10 8 0 K
0.114840 10 8 1 K
0.161365 10 7 1 K
0.189885 10 7 2 K
0.209043 10 7 1 K
0.251274 10 8 1 K
0.281618 10 9 1 K
0.296101 10 10 1 K
0.344416 10 11 1 K
0.388790 10 12 1 K
0.403528 10 11 1 K
0.442658 10 12 1 K
0.458789 10 11 1 K
0.507810 10 12 1 K
0.555331 10 13 1 K
0.575224 10 13 2 K
0.598183 10 12 2 K
0.611037 10 12 1 K
0.658217 10 11 1 K
0.702914 10 12 1 K
0.728552 10 12 0 K
0.739643 10 12 14 K
0.761229 10 12 0 K
0.793693 10 13 0 K
0.816986 10 14 0 K
0.828662 10 14 14 K
0.874734 10 14 0 K
0.908512 10 13 0 K
0.001613 12 11 6 M
0.048789 12 10 6 M
0.096673 12 10 5 M
0.110330 12 10 4 M
0.145840 12 10 3 M
0.174552 12 10 4 M
0.207872 12 10 5 M
0.233692 12 11 5 M
0.251261 12 11 6 M
0.275162 12 10 6 M
0.304396 12 9 6 M
0.316862 12 8 6 M
0.338425 12 7 6 M
0.352544 12 8 6 M
0.366428 12 7 6 M
0.390776 12 7 7 M
0.428414 12 7 6 M
0.446240 12 8 6 M
0.483374 12 9 6 M
0.502825 12 9 7 M
0.543280 12 8 7 M
0.569813 12 7 7 M
0.613448 12 6 7 M
0.648577 12 6 8 M
0.684458 12 5 8 M
0.700690 12 4 8 M
0.743049 12 3 8 M
1.032371 12 3 8 m
0.001611 14 13 8 O
0.037519 14 13 7 O
0.063556 14 13 8 O
0.077118 14 13 7 O
0.114949 14 13 8 O
0.135210 14 13 9 O
0.172255 14 13 8 O
0.186786 14 13 9 O
0.198907 14 13 10 O
0.248084 14 13 11 O
0.269368 14 14 11 O
0.286948 14 0 11 O
0.331798 14 0 10 O
0.353938 14 1 10 O
0.391012 14 1 9 O
0.428654 14 1 10 O
0.451210 14 0 10 O
0.478543 14 0 11 O
0.495691 14 0 10 O
0.529410 14 14 10 O
0.547664 14 13 10 O
0.574046 14 13 11 O
0.601571 14 12 11 O
0.631247 14 12 10 O
0.654815 14 12 9 O
0.688983 14 12 10 O
0.725000 14 13 10 O
0.768816 14 12 10 O
0.787472 14 12 11 O
0.830927 14 11 11 O
0.860101 14 12 11 O
0.904587 14 12 12 O
0.916180 14 13 12 O
0.950258 14 12 12 O
0.991740 14 12 11 O
1.016470 14 12 10 O
1.044643 14 13 10 O
1.082637 14 13 11 O
1.115633 14 12 11 O
1.161033 14 11 11 O
1.180189 14 11 10 O
1.212354 14 11 11 O
0.001700 0 12 14 A
0.019214 0 12 0 A
0.046864 0 12 14 A
0.081603 0 12 13 A
0.105351 0 12 14 A
0.117603 0 13 14 A
0.149804 0 14 14 A
0.170979 0 0 14 A
0.218177 0 14 14 A
0.267236 0 13 14 A
0.315205 0 12 14 A
0.358120 0 13 14 A
0.376602 0 12 14 A
0.420246 0 12 13 A
0.483154 0 12 12 A
0.523595 0 12 11 A
0.562118 0 12 10 A
0.575272 0 11 10 A
0.620073 0 11 9 A
0.660526 0 10 9 A
0.698467 0 10 10 A
0.730967 0 10 9 A
0.753712 0 10 8 A
0.796022 0 10 9 A
0.826496 0 10 8 A
0.863317 0 11 8 A
0.889518 0 11 7 A
0.934323 0 10 7 A
0.970671 0 9 7 A
1.002701 0 9 6 A
1.043197 0 9 7 A
1.086630 0 9 6 A
1.112177 0 8 6 A
1.170366 0 8 7 A
1.220551 0 8 6 A
1.270107 0 8 5 A
1.312520 0 9 5 A
1.324794 0 8 5 A
0.001599 13 7 12 N
0.042651 13 7 13 N
0.080234 13 7 14 N
0.124535 13 6 14 N
0.161277 13 5 14 N
0.191173 13 5 0 N
0.216582 13 5 1 N
0.248073 13 5 0 N
0.297760 13 5 14 N
0.313292 13 5 0 N
0.359994 13 5 1 N
0.401534 13 4 1 N
0.442907 13 4 0 N
0.490615 13 4 14 N
0.507964 13 5 14 N
0.519587 13 6 14 N
0.566552 13 6 0 N
0.592881 13 6 1 N
0.642170 13 5 1 N
0.678230 13 5 2 N
0.691246 13 5 3 N
0.706160 13 5 4 N
0.729733 13 5 5 N
0.754837 13 5 6 N
0.795970 13 4 6 N
0.814754 13 4 7 N
0.856626 13 4 8 N
1.032710 13 3 8 N
1.325185 13 3 8 n
0.001640 2 7 10 C
0.052444 2 8 10 C
0.095283 2 9 10 C
0.106804 2 9 11 C
0.141493 2 10 11 C
0.180215 2 9 11 C
0.213313 2 8 11 C
0.229480 2 8 10 C
0.274921 2 9 10 C
0.304185 2 9 11 C
0.347430 2 10 11 C
0.378515 2 11 11 C
0.407148 2 11 12 C
0.425600 2 10 12 C
0.451224 2 10 13 C
0.464942 2 10 12 C
0.506146 2 11 12 C
0.525386 2 12 12 C
0.562121 2 12 11 C
0.601566 2 12 10 C
0.631243 2 11 10 C
0.658222 2 10 10 C
0.698464 2 9 10 C
0.721591 2 8 10 C
0.741862 2 8 11 C
0.774424 2 8 12 C
0.805743 2 8 13 C
0.816950 2 9 13 C
0.849872 2 9 12 C
0.898511 2 9 13 C
0.924464 2 9 14 C
0.943180 2 10 14 C
0.972521 2 11 14 C
1.004612 2 11 13 C
1.022319 2 11 12 C
1.050990 2 11 11 C
1.066378 2 11 12 C
1.096624 2 10 12 C
1.144430 2 10 13 C
1.159380 2 11 13 C
1.184104 2 10 13 C
1.195828 2 9 13 C
1.210272 2 9 12 C
1.237108 2 9 11 C
1.266871 2 8 11 C
1.314610 2 8 10 C
1.360518 2 9 10 C
1.631776 2 9 10 c
0.001539 3 8 3 D
0.047040 3 9 3 D
0.078629 3 9 4 D
0.099325 3 9 5 D
0.129569 3 10 5 D
0.176870 3 9 5 D
0.226729 3 8 5 D
0.267480 3 8 6 D
0.306188 3 8 5 D
0.329539 3 8 4 D
0.353952 3 8 3 D
0.382344 3 7 3 D
0.414788 3 8 3 D
0.447687 3 8 2 D
0.497060 3 7 2 D
0.517814 3 8 2 D
0.529418 3 7 2 D
0.550015 3 7 1 D
0.580577 3 8 1 D
0.617790 3 7 1 D
0.657090 3 8 1 D
0.685613 3 7 1 D
0.727375 3 6 1 D
0.747268 3 7 1 D
0.772034 3 6 1 D
0.814721 3 6 0 D
0.839663 3 7 0 D
0.852100 3 7 1 D
0.865527 3 7 0 D
0.909983 3 7 1 D
0.931660 3 8 1 D
0.964466 3 8 2 D
0.991748 3 8 1 D
1.041609 3 8 2 D
1.082652 3 8 1 D
1.100280 3 7 1 D
1.134417 3 7 0 D
1.147732 3 6 0 D
1.170578 3 7 0 D
1.206396 3 7 1 D
1.230861 3 8 1 D
1.250773 3 8 0 D
1.298628 3 7 0 D
1.310622 3 7 14 D
1.357242 3 8 14 D
1.388252 3 7 14 D
1.415266 3 8 14 D
1.432949 3 8 13 D
1.480552 3 8 12 D
1.509997 3 8 13 D
1.522589 3 8 12 D
1.552789 3 9 12 D
1.600225 3 8 12 D
1.646244 3 8 11 D
1.675294 3 8 10 D
1.714846 3 8 11 D
1.751119 3 8 12 D
1.778877 3 8 11 D
1.819637 3 7 11 D
1.846697 3 7 10 D
1.883039 3 8 10 D
1.928307 3 7 10 D
1.957393 3 8 10 D
1.977541 3 9 10 D
2.020879 3 9 11 D
2.054839 3 8 11 D
2.080154 3 8 12 D
2.118778 3 8 11 D
2.149298 3 7 11 D
2.178991 3 6 11 D
2.200715 3 6 12 D
2.248655 3 7 12 D
2.297053 3 8 12 D
2.319159 3 8 13 D
2.330873 3 8 14 D
2.359746 3 8 13 D
2.389489 3 8 14 D
0.001616 4 1 9 E
0.040789 4 1 10 E
0.060312 4 1 11 E
0.089681 4 0 11 E
0.129454 4 14 11 E
0.175718 4 13 11 E
0.218285 4 13 12 E
0.262397 4 12 12 E
0.295675 4 13 12 E
0.310186 4 14 12 E
0.352320 4 13 12 E
0.376362 4 12 12 E
0.410976 4 12 11 E
0.433788 4 12 12 E
0.483145 4 11 12 E
0.501131 4 11 11 E
0.547653 4 11 12 E
0.575220 4 12 12 E
0.613452 4 12 13 E
0.626963 4 12 12 E
0.638710 4 11 12 E
0.684462 4 11 11 E
0.726192 4 10 11 E
0.737346 4 9 11 E
0.774428 4 8 11 E
0.819159 4 8 10 E
0.838484 4 7 10 E
0.854384 4 6 10 E
0.885325 4 7 10 E
0.908296 4 8 10 E
0.922922 4 8 9 E
0.952920 4 8 10 E
0.983294 4 7 10 E
1.013518 4 7 11 E
1.030477 4 7 10 E
1.073466 4 6 10 E
1.113905 4 5 10 E
1.160802 4 4 10 E
1.180421 4 4 11 E
1.213341 4 5 11 E
1.237362 4 4 11 E
1.283835 4 4 12 E
1.316343 4 3 12 E
1.360271 4 3 11 E
1.405491 4 3 10 E
1.439973 4 3 9 E
1.459687 4 3 10 E
1.478363 4 2 10 E
1.516280 4 1 10 E
1.546136 4 2 10 E
1.574069 4 2 11 E
1.593562 4 3 11 E
1.634088 4 3 12 E
1.666042 4 2 12 E
1.678496 4 1 12 E
1.692892 4 1 11 E
1.706109 4 1 12 E
1.745486 4 0 12 E
1.789677 4 0 13 E
1.835636 4 14 13 E
1.866724 4 14 12 E
1.897513 4 14 11 E
1.945376 4 14 10 E
1.983111 4 13 10 E
2.025644 4 13 11 E
2.049272 4 12 11 E
2.087342 4 11 11 E
2.108254 4 11 10 E
2.128208 4 12 10 E
2.152946 4 13 10 E
2.166864 4 13 11 E
2.204107 4 14 11 E
2.223002 4 14 10 E
2.267507 4 14 11 E
2.286767 4 0 11 E
2.314877 4 0 10 E
2.344173 4 0 9 E
2.387267 4 1 9 E
2.398970 4 1 8 E
2.443680 4 2 8 E
2.468214 4 2 7 E
2.482616 4 2 6 E
2.495847 4 2 5 E
2.521733 4 1 5 E
0.001602 8 12 11 I
0.025775 8 12 10 I
0.038945 8 13 10 I
0.052152 8 13 11 I
0.080078 8 14 11 I
0.129450 8 14 10 I
0.167151 8 0 10 I
0.189793 8 1 10 I
0.218182 8 2 10 I
0.237075 8 2 9 I
0.272068 8 3 9 I
0.299423 8 4 9 I
0.331558 8 4 8 I
0.372798 8 5 8 I
0.405137 8 5 7 I
0.429927 8 4 7 I
0.442894 8 3 7 I
0.723858 8 3 8 I
0.743045 8 2 8 I
0.766524 8 2 7 I
0.811345 8 1 7 I
0.829764 8 1 6 I
0.854378 8 1 5 I
0.875902 8 1 4 I
0.911515 8 0 4 I
0.930407 8 0 5 I
0.964474 8 0 4 I
0.992256 8 0 5 I
1.018017 8 14 5 I
1.032696 8 0 5 I
1.082895 8 0 6 I
1.124625 8 0 7 I
1.167562 8 14 7 I
1.182389 8 14 8 I
1.206669 8 14 9 I
1.236849 8 13 9 I
1.287480 8 13 8 I
1.326328 8 12 8 I
1.371355 8 12 9 I
1.421501 8 12 10 I
1.440227 8 13 10 I
1.478293 8 13 11 I
1.522626 8 13 10 I
1.551627 8 13 9 I
1.599088 8 14 9 I
1.617503 8 14 10 I
1.651592 8 14 9 I
1.697572 8 14 8 I
1.745426 8 14 7 I
1.789143 8 0 7 I
1.804707 8 0 6 I
1.831549 8 0 5 I
1.861092 8 0 6 I
1.878825 8 0 5 I
1.891205 8 14 5 I
1.932078 8 0 5 I
1.977649 8 0 6 I
2.026813 8 1 6 I
2.052149 8 2 6 I
2.066624 8 1 6 I
2.083826 8 0 6 I
2.128194 8 14 6 I
2.154915 8 14 5 I
2.202415 8 13 5 I
2.215531 8 12 5 I
2.263169 8 11 5 I
2.311539 8 11 6 I
2.347494 8 10 6 I
2.396817 8 11 6 I
2.427451 8 11 7 I
2.469367 8 11 6 I
2.507157 8 10 6 I
2.534729 8 10 7 I
2.565170 8 10 8 I
0.001564 7 9 8 H
0.030765 7 9 9 H
0.286515 7 8 9 H
0.305970 7 7 9 H
0.338654 7 8 9 H
0.359758 7 8 8 H
0.385238 7 8 7 H
0.414561 7 8 8 H
0.441238 7 8 9 H
0.470323 7 8 10 H
0.486937 7 7 10 H
0.534853 7 7 9 H
0.563311 7 7 8 H
0.608836 7 8 8 H
0.640950 7 8 7 H
0.659344 7 9 7 H
0.698507 7 9 6 H
0.736178 7 8 6 H
0.754835 7 8 5 H
0.800475 7 9 5 H
0.835194 7 10 5 H
0.877008 7 10 6 H
0.903065 7 10 7 H
0.930343 7 10 6 H
0.970681 7 10 7 H
1.002712 7 9 7 H
1.043188 7 9 8 H
1.086641 7 9 7 H
1.134401 7 8 7 H
1.170355 7 8 8 H
1.215483 7 9 8 H
1.258670 7 8 8 H
1.302567 7 8 7 H
1.321224 7 8 6 H
1.368437 7 9 6 H
1.412443 7 8 6 H
1.424274 7 8 5 H
1.467959 7 7 5 H
1.497703 7 8 5 H
1.528856 7 9 5 H
1.548366 7 10 5 H
1.577314 7 10 6 H
1.596849 7 9 6 H
1.634037 7 10 6 H
1.665988 7 10 7 H
1.691728 7 11 7 H
1.735262 7 10 7 H
1.763187 7 10 8 H
1.779122 7 11 8 H
1.817935 7 11 9 H
1.858480 7 10 9 H
1.897499 7 10 8 H
1.936706 7 10 7 H
1.968922 7 10 8 H
2.002748 7 10 9 H
2.027001 7 10 8 H
2.045408 7 10 7 H
2.083810 7 9 7 H
2.119046 7 10 7 H
2.154655 7 10 8 H
2.175760 7 10 7 H
2.186775 7 11 7 H
2.233259 7 11 6 H
2.263173 7 12 6 H
2.308269 7 13 6 H
2.326481 7 13 7 H
2.360907 7 13 8 H
2.371105 7 12 8 H
2.389840 7 13 8 H
2.409218 7 14 8 H
2.451959 7 13 8 H
2.495853 7 14 8 H
2.528241 7 0 8 H
2.576577 7 1 8 H
2.596994 7 1 7 H
2.640941 7 2 7 H
2.662495 7 2 6 H
2.676351 7 2 7 H
2.725249 7 1 7 H
2.774581 7 2 7 H
3.074033 7 2 7 h
