-1 15 15 15
0.000269 2 5 1 C
0.046989 2 5 2 C
0.083591 2 5 1 C
0.131028 2 4 1 C
0.175089 2 4 0 C
0.206851 2 4 14 C
0.257232 2 3 14 C
0.283211 2 3 13 C
0.326487 2 3 14 C
0.364297 2 3 13 C
0.393132 2 3 12 C
0.437115 2 3 13 C
0.471476 2 3 12 C
0.510282 2 2 12 C
0.546786 2 2 11 C
0.581392 2 3 11 C
0.000271 13 14 2 N
0.013377 13 14 3 N
0.030283 13 14 2 N
0.054952 13 14 1 N
0.103168 13 0 1 N
0.123230 13 1 1 N
0.147371 13 1 0 N
0.179382 13 2 0 N
0.225731 13 2 1 N
0.248407 13 1 1 N
0.280974 13 1 2 N
0.301397 13 1 1 N
0.331120 13 2 1 N
0.354455 13 2 0 N
0.409590 13 1 0 N
0.681680 13 1 0 n
0.000275 11 4 7 L
0.048495 11 4 8 L
0.068374 11 3 8 L
0.108972 11 2 8 L
0.152962 11 1 8 L
0.167476 11 1 7 L
0.193207 11 0 7 L
0.203639 11 14 7 L
0.221984 11 14 8 L
0.258951 11 14 9 L
0.289726 11 13 9 L
0.312069 11 13 10 L
0.338021 11 14 10 L
0.364003 11 13 10 L
0.409302 11 13 11 L
0.424247 11 13 10 L
0.691592 11 13 10 l
0.000270 6 9 10 G
0.030300 6 10 10 G
0.065134 6 11 10 G
0.113372 6 11 11 G
0.161346 6 11 10 G
0.210092 6 12 10 G
0.252730 6 12 11 G
0.297965 6 12 12 G
0.336045 6 12 11 G
0.378249 6 12 12 G
0.397852 6 13 12 G
0.695610 6 13 12 g
0.000277 9 10 0 J
0.017007 9 10 1 J
0.063571 9 11 1 J
0.086727 9 11 2 J
0.125873 9 11 3 J
0.169129 9 11 2 J
0.185608 9 12 2 J
0.231620 9 12 1 J
0.260770 9 12 0 J
0.275711 9 13 0 J
0.312054 9 13 1 J
0.346364 9 13 0 J
0.397320 9 13 14 J
0.418074 9 12 14 J
0.460711 9 12 13 J
0.472905 9 12 12 J
0.504976 9 12 11 J
0.543055 9 11 11 J
0.561916 9 12 11 J
0.832505 9 12 11 j
0.000278 8 11 1 I
0.022882 8 11 2 I
0.040233 8 12 2 I
0.125884 8 11 2 I
0.163063 8 10 2 I
0.202155 8 10 1 I
0.246133 8 10 0 I
0.324766 8 11 0 I
0.351974 8 11 1 I
0.376842 8 11 0 I
0.395227 8 12 0 I
0.431139 8 12 1 I
0.478095 8 12 0 I
0.500617 8 13 0 I
0.523035 8 14 0 I
0.568819 8 14 1 I
0.590901 8 13 1 I
0.619106 8 14 1 I
0.647993 8 14 2 I
0.691721 8 14 1 I
0.742143 8 0 1 I
1.024189 8 0 1 i
0.000267 3 3 8 D
0.043017 3 3 7 D
0.108980 3 3 8 D
0.149114 3 3 9 D
0.189423 3 3 8 D
0.221970 3 4 8 D
0.244774 3 3 8 D
0.284879 3 3 9 D
0.333176 3 2 9 D
0.361951 3 3 9 D
0.407709 3 2 9 D
0.449622 3 3 9 D
0.487663 3 3 10 D
0.526491 3 3 11 D
0.561943 3 3 10 D
0.603812 3 2 10 D
0.626534 3 3 10 D
0.640137 3 4 10 D
0.673278 3 3 10 D
0.709384 3 4 10 D
0.758829 3 5 10 D
0.773783 3 5 11 D
0.813119 3 5 12 D
0.829795 3 5 13 D
0.845601 3 6 13 D
0.894104 3 6 12 D
0.918257 3 6 11 D
0.957853 3 7 11 D
0.991333 3 7 12 D
1.032270 3 6 12 D
0.000255 14 7 1 O
0.048483 14 7 2 O
0.059517 14 7 3 O
0.094106 14 7 4 O
0.142841 14 7 3 O
0.158584 14 6 3 O
0.181063 14 6 2 O
0.198380 14 6 1 O
0.236824 14 5 1 O
0.251388 14 5 2 O
0.299314 14 5 3 O
0.337761 14 5 2 O
0.351699 14 4 2 O
0.364307 14 4 3 O
0.401628 14 5 3 O
0.450696 14 6 3 O
0.475407 14 6 4 O
0.510275 14 6 5 O
0.552340 14 6 6 O
0.587271 14 6 7 O
0.610145 14 7 7 O
0.643192 14 8 7 O
0.667504 14 7 7 O
0.697030 14 7 6 O
0.765857 14 8 6 O
0.798264 14 8 5 O
1.071368 14 8 5 o
0.000268 1 1 0 B
0.050868 1 2 0 B
0.098344 1 1 0 B
0.115959 1 0 0 B
0.158857 1 0 1 B
0.200465 1 0 2 B
0.216498 1 1 2 B
0.260987 1 2 2 B
0.307104 1 1 2 B
0.352387 1 1 1 B
0.364283 1 1 0 B
0.409579 1 0 0 B
0.445542 1 14 0 B
0.471149 1 14 14 B
0.487660 1 0 14 B
0.515011 1 0 13 B
0.554645 1 14 13 B
0.598292 1 0 13 B
0.613067 1 0 14 B
0.652322 1 0 13 B
0.678433 1 0 14 B
0.695516 1 0 13 B
0.733541 1 1 13 B
0.767469 1 1 14 B
0.795033 1 0 14 B
0.840637 1 14 14 B
0.858602 1 0 14 B
1.138838 1 0 14 b
0.000278 0 9 11 A
0.025496 0 9 12 A
0.056500 0 8 12 A
0.094092 0 8 13 A
0.129689 0 8 14 A
0.167729 0 9 14 A
0.189410 0 10 14 A
0.238610 0 11 14 A
0.275817 0 11 0 A
0.324754 0 11 1 A
0.338290 0 10 1 A
0.379663 0 11 1 A
0.407190 0 12 1 A
0.421790 0 11 1 A
0.449298 0 11 0 A
0.488950 0 11 14 A
0.500611 0 11 13 A
0.521694 0 11 12 A
0.544463 0 10 12 A
0.566524 0 11 12 A
0.599633 0 11 11 A
0.636232 0 11 10 A
0.676106 0 11 9 A
0.721238 0 12 9 A
0.773798 0 13 9 A
0.804426 0 13 10 A
0.853901 0 13 9 A
0.891106 0 14 9 A
0.920710 0 13 9 A
0.955133 0 13 8 A
0.991442 0 14 8 A
1.032563 0 0 8 A
1.069273 0 0 9 A
1.116673 0 0 8 A
1.156365 0 14 8 A
1.194854 0 13 8 A
1.224022 0 13 9 A
1.239900 0 13 10 A
1.539532 0 13 10 a
0.000272 5 11 4 F
0.031922 5 12 4 F
0.081895 5 13 4 F
0.101486 5 12 4 F
0.142865 5 12 3 F
0.189640 5 13 3 F
0.220264 5 13 4 F
0.248149 5 14 4 F
0.285118 5 0 4 F
0.297720 5 0 5 F
0.342001 5 14 5 F
0.372215 5 14 4 F
0.405338 5 0 4 F
0.453251 5 0 5 F
0.492373 5 14 5 F
0.516328 5 13 5 F
0.541792 5 12 5 F
0.563073 5 12 4 F
0.600942 5 11 4 F
0.611369 5 11 5 F
0.632754 5 12 5 F
0.662755 5 12 4 F
0.683403 5 12 5 F
0.732077 5 12 6 F
0.760670 5 11 6 F
0.785029 5 12 6 F
0.798279 5 12 7 F
0.842345 5 12 8 F
0.874453 5 12 7 F
0.892500 5 12 6 F
0.934355 5 13 6 F
0.966109 5 14 6 F
1.004442 5 14 5 F
1.048276 5 14 4 F
1.067162 5 0 4 F
1.078156 5 0 5 F
1.112411 5 1 5 F
1.127708 5 1 6 F
1.171431 5 2 6 F
1.216953 5 3 6 F
1.259043 5 4 6 F
1.301408 5 4 5 F
1.338924 5 4 6 F
1.352915 5 3 6 F
1.366455 5 4 6 F
1.382109 5 5 6 F
1.396944 5 5 5 F
1.410928 5 6 5 F
1.448417 5 7 5 F
1.469777 5 8 5 F
1.481877 5 9 5 F
1.527878 5 8 5 F
1.543412 5 7 5 F
1.564233 5 7 6 F
0.000273 4 3 13 E
0.037403 4 3 14 E
0.059523 4 3 0 E
0.108951 4 3 1 E
0.149099 4 3 2 E
0.186313 4 4 2 E
0.220280 4 3 2 E
0.307111 4 2 2 E
0.354464 4 2 1 E
0.373548 4 1 1 E
0.401092 4 0 1 E
0.445552 4 0 0 E
0.681808 4 1 0 E
0.695510 4 1 1 E
0.736118 4 1 2 E
0.773611 4 1 1 E
1.024485 4 0 1 E
1.037726 4 0 2 E
1.078421 4 0 1 E
1.112143 4 0 2 E
1.125020 4 0 1 E
1.143291 4 0 2 E
1.185371 4 14 2 E
1.198248 4 14 1 E
1.232023 4 14 2 E
1.283012 4 14 1 E
1.301691 4 0 1 E
1.591293 4 0 1 e
0.000275 7 0 11 H
0.026724 7 1 11 H
0.050873 7 0 11 H
0.088667 7 14 11 H
0.131288 7 14 12 H
0.143073 7 14 13 H
0.158319 7 14 12 H
0.185872 7 13 12 H
0.215038 7 13 11 H
0.248131 7 13 10 H
0.286899 7 14 10 H
0.323037 7 0 10 H
0.367496 7 14 10 H
0.414188 7 14 11 H
0.436840 7 13 11 H
0.691726 7 13 10 H
0.742153 7 13 9 H
0.773793 7 14 9 H
0.808293 7 13 9 H
0.853891 7 12 9 H
0.898633 7 11 9 H
0.927551 7 11 10 H
0.945676 7 12 10 H
0.980866 7 13 10 H
0.999667 7 12 10 H
1.021688 7 12 11 H
1.040939 7 11 11 H
1.088073 7 10 11 H
1.116400 7 10 12 H
1.149339 7 10 11 H
1.187015 7 10 10 H
1.234956 7 10 9 H
1.280075 7 9 9 H
1.330326 7 8 9 H
1.356172 7 8 8 H
1.376689 7 7 8 H
1.421527 7 6 8 H
1.452657 7 6 9 H
1.469252 7 7 9 H
1.491280 7 8 9 H
1.527886 7 9 9 H
1.564224 7 10 9 H
1.612005 7 10 8 H
1.643638 7 11 8 H
1.673370 7 12 8 H
1.714841 7 13 8 H
1.741848 7 13 9 H
1.764955 7 12 9 H
1.777257 7 11 9 H
1.798067 7 10 9 H
1.848750 7 10 8 H
1.884603 7 9 8 H
1.922218 7 9 7 H
0.000276 10 8 0 K
0.011801 10 7 0 K
0.048486 10 7 1 K
0.079987 10 6 1 K
0.119616 10 6 2 K
0.167491 10 6 1 K
0.196626 10 5 1 K
0.222492 10 5 2 K
0.245042 10 4 2 K
0.307118 10 3 2 K
0.320974 10 3 3 K
0.354437 10 3 4 K
0.367488 10 4 4 K
0.403649 10 3 4 K
0.445805 10 3 3 K
0.465477 10 3 2 K
0.512669 10 4 2 K
0.549136 10 5 2 K
0.578630 10 5 3 K
0.614902 10 6 3 K
0.643274 10 6 2 K
0.667503 10 7 2 K
0.709180 10 6 2 K
0.721233 10 6 3 K
0.762476 10 5 3 K
0.801156 10 6 3 K
0.842121 10 5 3 K
0.854433 10 5 2 K
0.898763 10 6 2 K
0.947404 10 7 2 K
0.974942 10 8 2 K
0.994419 10 8 3 K
1.037469 10 8 4 K
1.078170 10 7 4 K
1.089882 10 6 4 K
1.116126 10 7 4 K
1.133393 10 8 4 K
1.168673 10 8 3 K
1.198014 10 8 4 K
1.216748 10 9 4 K
1.252218 10 8 4 K
1.273227 10 8 5 K
1.317674 10 8 4 K
1.347555 10 8 5 K
1.383557 10 7 5 K
1.433310 10 7 6 K
1.469787 10 7 5 K
1.519965 10 6 5 K
1.557688 10 5 5 K
1.587426 10 6 5 K
1.602165 10 7 5 K
1.645750 10 8 5 K
1.671263 10 7 5 K
1.714578 10 6 5 K
1.729232 10 5 5 K
1.755635 10 4 5 K
1.783092 10 4 6 K
1.808805 10 4 5 K
1.859671 10 3 5 K
1.909353 10 2 5 K
1.949806 10 1 5 K
0.000273 12 8 3 M
0.043214 12 8 2 M
0.057900 12 8 1 M
0.068366 12 8 2 M
0.115452 12 8 3 M
0.129674 12 9 3 M
0.167743 12 8 3 M
0.192939 12 9 3 M
0.214500 12 8 3 M
0.246147 12 8 4 M
0.266205 12 9 4 M
0.307087 12 10 4 M
0.354475 12 10 5 M
0.369194 12 9 5 M
0.413685 12 9 6 M
0.457972 12 9 5 M
0.507412 12 10 5 M
0.553462 12 10 6 M
0.573789 12 9 6 M
0.585791 12 9 5 M
0.631432 12 8 5 M
0.676010 12 9 5 M
0.699559 12 8 5 M
0.733473 12 8 6 M
0.765849 12 9 6 M
0.798290 12 8 6 M
1.071665 12 8 5 M
1.095914 12 7 5 M
1.139116 12 6 5 M
1.164402 12 6 6 M
1.182184 12 5 6 M
1.216754 12 5 5 M
1.228832 12 5 4 M
1.246055 12 6 4 M
1.257389 12 5 4 M
1.290103 12 6 4 M
1.332031 12 6 3 M
1.380494 12 6 2 M
1.419953 12 6 3 M
1.439523 12 7 3 M
1.479796 12 6 3 M
1.494171 12 6 2 M
1.537779 12 5 2 M
1.568177 12 6 2 M
1.595710 12 6 3 M
1.641794 12 5 3 M
1.665643 12 5 4 M
1.676945 12 4 4 M
1.695832 12 3 4 M
1.729538 12 2 4 M
1.740233 12 2 3 M
1.772334 12 2 2 M
1.800075 12 3 2 M
1.815340 12 2 2 M
1.829816 12 2 3 M
1.850707 12 2 4 M
1.901439 12 1 4 M
1.950875 12 2 4 M
1.987130 12 1 4 M
2.035487 12 1 3 M
2.047613 12 2 3 M
2.087582 12 1 3 M
2.107247 12 1 4 M
2.154605 12 2 4 M
2.183494 12 2 5 M
2.205699 12 3 5 M
2.223596 12 4 5 M
2.268395 12 4 4 M
2.304337 12 4 5 M
2.333152 12 5 5 M
2.372627 12 4 5 M
2.416418 12 4 4 M
2.456911 12 5 4 M
2.483116 12 4 4 M
2.527427 12 5 4 M
2.550020 12 6 4 M
2.599607 12 7 4 M
2.632855 12 7 3 M
2.674103 12 7 4 M
2.691737 12 8 4 M
2.713550 12 8 3 M
2.759616 12 7 3 M
2.810065 12 7 2 M
2.838945 12 6 2 M
2.876689 12 6 1 M
2.899476 12 5 1 M
2.928439 12 5 2 M
2.956337 12 4 2 M
2.975235 12 4 1 M
3.012019 12 4 2 M
3.039754 12 5 2 M
3.069534 12 6 2 M
3.098402 12 6 3 M
3.121693 12 6 4 M
3.150696 12 5 4 M
3.178245 12 5 5 M
