-1 15 15 15
0.000481 1 2 5 B
0.276237 1 2 5 b
0.000483 8 11 5 I
0.033141 8 12 5 I
0.077214 8 12 6 I
0.147110 8 12 7 I
0.425662 8 12 7 i
0.000459 14 12 8 O
0.020002 14 12 9 O
0.057008 14 12 8 O
0.083161 14 11 8 O
0.100922 14 12 8 O
0.147090 14 13 8 O
0.161228 14 14 8 O
0.209389 14 14 9 O
0.220563 14 13 9 O
0.251253 14 12 9 O
0.531516 14 12 9 o
0.000483 9 13 6 J
0.030423 9 13 7 J
0.063073 9 12 7 J
0.147103 9 12 8 J
0.425969 9 12 7 J
0.688651 9 12 7 j
0.000479 3 13 1 D
0.018348 3 13 2 D
0.061347 3 14 2 D
0.097874 3 14 3 D
0.112253 3 0 3 D
0.155088 3 0 4 D
0.172196 3 0 3 D
0.203274 3 14 3 D
0.251238 3 14 2 D
0.296244 3 14 3 D
0.321160 3 13 3 D
0.337874 3 13 2 D
0.392767 3 13 3 D
0.430632 3 13 2 D
0.444362 3 14 2 D
0.502481 3 13 2 D
0.769375 3 13 2 d
0.000480 2 4 5 C
0.018356 2 3 5 C
0.276539 2 2 5 C
0.301685 2 2 4 C
0.315275 2 1 4 C
0.352067 2 1 5 C
0.397120 2 1 6 C
0.413751 2 1 7 C
0.430354 2 0 7 C
0.444113 2 14 7 C
0.491483 2 0 7 C
0.541585 2 14 7 C
0.582032 2 14 8 C
0.625096 2 14 7 C
0.640759 2 13 7 C
0.666666 2 14 7 C
0.692315 2 13 7 C
0.703230 2 12 7 C
0.967181 2 12 7 c
0.000471 5 13 2 F
0.018345 5 14 2 F
0.061343 5 14 3 F
0.097869 5 13 3 F
0.116106 5 14 3 F
0.139915 5 14 2 F
0.181475 5 0 2 F
0.203461 5 1 2 F
0.240399 5 1 1 F
0.268705 5 1 2 F
0.298082 5 0 2 F
0.324960 5 14 2 F
0.392774 5 13 2 F
0.427727 5 13 1 F
0.474745 5 13 2 F
0.502478 5 12 2 F
0.769506 5 13 2 F
1.058953 5 13 2 f
0.000476 6 8 6 G
0.015126 6 8 7 G
0.047012 6 7 7 G
0.094075 6 6 7 G
0.117828 6 6 6 G
0.152263 6 7 6 G
0.165145 6 8 6 G
0.212500 6 8 5 G
0.240466 6 9 5 G
0.262602 6 9 4 G
0.292712 6 9 3 G
0.327814 6 9 4 G
0.339976 6 9 3 G
0.364525 6 10 3 G
0.410519 6 10 4 G
0.446425 6 10 5 G
0.491396 6 9 5 G
0.541494 6 10 5 G
0.570187 6 10 4 G
0.582123 6 10 5 G
0.597279 6 10 4 G
0.620242 6 10 5 G
0.633171 6 10 6 G
0.666912 6 9 6 G
0.711167 6 9 7 G
0.729523 6 10 7 G
0.776321 6 11 7 G
0.794239 6 11 8 G
1.081573 6 11 8 g
0.000473 12 3 13 M
0.030426 12 2 13 M
0.078386 12 2 14 M
0.145194 12 1 14 M
0.191459 12 1 0 M
0.234976 12 1 14 M
0.280646 12 1 13 M
0.310501 12 2 13 M
0.323257 12 2 14 M
0.370221 12 2 13 M
0.403307 12 1 13 M
0.441449 12 1 14 M
0.464330 12 1 13 M
0.511470 12 1 12 M
0.523538 12 1 13 M
0.571873 12 2 13 M
0.607891 12 3 13 M
0.641019 12 2 13 M
0.676478 12 1 13 M
0.712604 12 1 12 M
0.740663 12 1 11 M
0.772244 12 1 12 M
0.786917 12 1 13 M
0.820952 12 2 13 M
0.833736 12 1 13 M
0.876156 12 0 13 M
0.905214 12 1 13 M
0.945343 12 0 13 M
0.974293 12 0 12 M
1.015334 12 0 11 M
1.041365 12 0 12 M
1.057147 12 0 13 M
1.091213 12 0 14 M
1.119721 12 14 14 M
1.157716 12 14 0 M
1.185228 12 13 0 M
0.000474 4 13 11 E
0.023465 4 14 11 E
0.041985 4 14 10 E
0.084427 4 14 9 E
0.100797 4 0 9 E
0.138182 4 0 8 E
0.183201 4 1 8 E
0.222354 4 0 8 E
0.254629 4 14 8 E
0.292975 4 14 9 E
0.329666 4 14 10 E
0.377161 4 14 9 E
0.423767 4 13 9 E
0.444620 4 14 9 E
0.491480 4 14 10 E
0.523541 4 14 11 E
0.565116 4 0 11 E
0.606182 4 0 10 E
0.630067 4 0 9 E
0.648144 4 0 10 E
0.685254 4 0 9 E
0.734587 4 1 9 E
0.765397 4 1 10 E
0.813518 4 0 10 E
0.826963 4 0 9 E
0.848194 4 0 8 E
0.868736 4 14 8 E
0.883702 4 0 8 E
0.932707 4 0 7 E
0.965153 4 0 8 E
0.980964 4 1 8 E
1.019473 4 0 8 E
1.292488 4 0 8 e
0.000484 0 9 3 A
0.029293 0 10 3 A
0.074512 0 10 2 A
0.114351 0 10 3 A
0.136221 0 9 3 A
0.161213 0 9 4 A
0.196375 0 8 4 A
0.243712 0 9 4 A
0.262593 0 8 4 A
0.291004 0 8 3 A
0.333000 0 8 2 A
0.345708 0 7 2 A
0.373173 0 6 2 A
0.416701 0 6 1 A
0.427711 0 5 1 A
0.461628 0 6 1 A
0.506047 0 5 1 A
0.549604 0 6 1 A
0.597270 0 6 0 A
0.617490 0 6 14 A
0.662551 0 6 0 A
0.678949 0 6 1 A
0.727859 0 6 2 A
0.757783 0 6 1 A
0.797588 0 6 2 A
0.816289 0 6 1 A
0.832611 0 5 1 A
0.868650 0 5 0 A
0.879493 0 6 0 A
0.929844 0 5 0 A
0.979601 0 4 0 A
0.994742 0 4 14 A
1.034470 0 3 14 A
1.083498 0 4 14 A
1.107618 0 4 0 A
1.119518 0 4 14 A
1.164332 0 3 14 A
1.198618 0 3 13 A
1.233282 0 4 13 A
1.257252 0 4 12 A
1.280428 0 3 12 A
1.311798 0 4 12 A
1.359660 0 4 11 A
1.405810 0 3 11 A
1.433910 0 4 11 A
1.484783 0 4 10 A
1.763768 0 4 10 a
0.000482 7 0 0 H
0.038373 7 1 0 H
0.053486 7 1 14 H
0.083275 7 1 0 H
0.100788 7 1 14 H
0.145183 7 1 0 H
0.191448 7 0 0 H
0.205217 7 0 1 H
0.247973 7 0 2 H
0.298071 7 14 2 H
0.321170 7 14 3 H
0.349860 7 13 3 H
0.392755 7 14 3 H
0.403748 7 14 4 H
0.441186 7 14 5 H
0.452687 7 14 6 H
0.496249 7 13 6 H
0.528015 7 14 6 H
0.582036 7 14 7 H
0.604620 7 13 7 H
0.628432 7 13 6 H
0.669642 7 14 6 H
0.682669 7 13 6 H
0.708529 7 13 7 H
0.732011 7 13 6 H
0.769495 7 14 6 H
0.783448 7 14 7 H
0.798905 7 0 7 H
0.819539 7 0 8 H
0.836912 7 1 8 H
0.863526 7 2 8 H
0.876220 7 2 7 H
0.891490 7 1 7 H
0.914612 7 0 7 H
0.932703 7 14 7 H
0.970887 7 14 8 H
0.992675 7 0 8 H
1.019459 7 14 8 H
1.292794 7 0 8 H
1.327299 7 0 9 H
1.348885 7 0 8 H
1.381550 7 1 8 H
1.405806 7 2 8 H
1.429494 7 3 8 H
1.464872 7 3 7 H
1.504341 7 3 6 H
1.790712 7 3 6 h
0.000477 11 12 13 L
0.034468 11 13 13 L
0.052315 11 13 12 L
0.084332 11 13 13 L
0.106614 11 12 13 L
0.139907 11 12 12 L
0.174928 11 12 11 L
0.220541 11 11 11 L
0.238242 11 10 11 L
0.256307 11 10 12 L
0.268690 11 9 12 L
0.286062 11 9 13 L
0.308454 11 8 13 L
0.345693 11 8 14 L
0.360383 11 8 13 L
0.410527 11 7 13 L
0.438094 11 7 12 L
0.463061 11 7 11 L
0.482633 11 8 11 L
0.521117 11 8 12 L
0.541490 11 8 11 L
0.591372 11 9 11 L
0.630079 11 8 11 L
0.673331 11 8 12 L
0.691013 11 7 12 L
0.721223 11 8 12 L
0.737061 11 8 11 L
0.776412 11 8 12 L
0.824686 11 8 11 L
0.865217 11 7 11 L
0.894536 11 8 11 L
0.912904 11 7 11 L
0.943870 11 7 12 L
0.991212 11 8 12 L
1.009693 11 8 13 L
1.055033 11 7 13 L
1.099512 11 7 12 L
1.113742 11 6 12 L
1.141216 11 5 12 L
1.164207 11 5 11 L
1.183532 11 6 11 L
1.225041 11 6 10 L
1.248254 11 7 10 L
1.283291 11 7 9 L
1.333231 11 7 10 L
1.379306 11 7 11 L
1.419871 11 6 11 L
1.441498 11 5 11 L
1.452816 11 5 12 L
1.479029 11 5 11 L
1.502574 11 4 11 L
1.764083 11 4 10 L
1.802743 11 4 9 L
1.837549 11 5 9 L
1.872863 11 5 10 L
1.912672 11 5 9 L
1.924684 11 5 8 L
1.959868 11 5 7 L
1.983352 11 6 7 L
2.025415 11 6 8 L
2.076381 11 6 9 L
2.113874 11 6 10 L
2.152630 11 5 10 L
0.000475 13 7 8 N
0.024683 13 7 9 N
0.065751 13 6 9 N
0.101052 13 6 8 N
0.119948 13 5 8 N
0.165128 13 6 8 N
0.181460 13 7 8 N
0.204950 13 7 7 N
0.252938 13 6 7 N
0.292423 13 7 7 N
0.303318 13 8 7 N
0.329387 13 8 6 N
0.364989 13 8 5 N
0.401493 13 9 5 N
0.413559 13 8 5 N
0.428235 13 7 5 N
0.457689 13 6 5 N
0.491392 13 7 5 N
0.534905 13 7 4 N
0.566897 13 7 5 N
0.604733 13 7 4 N
0.653112 13 7 3 N
0.669386 13 7 4 N
0.700998 13 6 4 N
0.726203 13 6 3 N
0.773985 13 6 4 N
0.817801 13 6 5 N
0.858378 13 7 5 N
0.905210 13 7 4 N
0.943757 13 6 4 N
0.970085 13 6 3 N
1.002434 13 6 2 N
1.032351 13 7 2 N
1.062135 13 6 2 N
1.081890 13 6 1 N
1.096207 13 6 0 N
1.133177 13 6 1 N
1.163936 13 7 1 N
1.203399 13 6 1 N
1.223222 13 6 0 N
1.242726 13 7 0 N
1.288177 13 7 14 N
1.330764 13 7 13 N
1.353361 13 8 13 N
1.394003 13 9 13 N
1.409185 13 8 13 N
1.422119 13 9 13 N
1.438205 13 9 14 N
1.474108 13 10 14 N
1.502664 13 11 14 N
1.523074 13 12 14 N
1.573007 13 12 0 N
1.615186 13 11 0 N
1.662916 13 12 0 N
1.697760 13 12 14 N
1.730782 13 12 13 N
1.746838 13 12 14 N
1.770063 13 12 13 N
1.783994 13 11 13 N
1.832389 13 12 13 N
1.853618 13 13 13 N
1.899995 13 14 13 N
1.937384 13 0 13 N
1.972756 13 0 14 N
2.005677 13 0 0 N
2.055839 13 1 0 N
2.098614 13 2 0 N
2.110072 13 2 1 N
2.144591 13 2 0 N
2.182646 13 2 14 N
2.226407 13 2 0 N
2.253376 13 3 0 N
2.296093 13 4 0 N
2.309812 13 4 1 N
2.330686 13 4 2 N
2.363313 13 4 3 N
2.401616 13 4 4 N
2.432568 13 4 5 N
2.443274 13 4 6 N
2.479308 13 3 6 N
2.756545 13 3 6 n
0.000478 10 5 14 K
0.025850 10 5 0 K
0.041989 10 5 1 K
0.086078 10 4 1 K
0.116093 10 4 0 K
0.155072 10 4 14 K
0.184996 10 4 13 K
0.199257 10 4 12 K
0.232044 10 4 13 K
0.256876 10 4 12 K
0.290760 10 5 12 K
0.315542 10 6 12 K
0.333266 10 6 11 K
0.352623 10 7 11 K
0.371671 10 8 11 K
0.382984 10 8 10 K
0.423781 10 9 10 K
0.435990 10 9 9 K
0.481422 10 10 9 K
0.520004 10 11 9 K
0.531600 10 12 9 K
0.573543 10 12 10 K
0.607765 10 11 10 K
0.651011 10 11 11 K
0.699733 10 12 11 K
0.742185 10 12 12 K
0.756149 10 12 11 K
0.780002 10 11 11 K
0.818116 10 11 10 K
0.849409 10 11 9 K
1.081903 10 11 8 K
1.127300 10 11 9 K
1.146343 10 10 9 K
1.163952 10 11 9 K
1.203384 10 11 8 K
1.248445 10 11 7 K
1.260134 10 10 7 K
1.296957 10 11 7 K
1.346543 10 10 7 K
1.379208 10 9 7 K
1.396436 10 10 7 K
1.413602 10 11 7 K
1.455213 10 10 7 K
1.469484 10 10 8 K
1.517188 10 11 8 K
1.536114 10 10 8 K
1.564278 10 10 9 K
1.581938 10 10 10 K
1.618435 10 9 10 K
1.656331 10 9 9 K
1.701810 10 10 9 K
1.730987 10 11 9 K
1.741695 10 12 9 K
1.770055 10 13 9 K
1.789277 10 12 9 K
1.837262 10 12 10 K
1.886066 10 12 11 K
1.917456 10 12 12 K
1.967013 10 13 12 K
1.992462 10 13 13 K
2.014546 10 13 12 K
2.065181 10 13 13 K
2.089388 10 13 14 K
2.113759 10 14 14 K
2.142816 10 0 14 K
2.163532 10 0 0 K
2.206566 10 14 0 K
2.241907 10 0 0 K
2.267813 10 0 1 K
2.304964 10 14 1 K
2.352445 10 13 1 K
2.382030 10 13 2 K
2.417617 10 14 2 K
2.443158 10 0 2 K
2.481120 10 0 3 K
2.507620 10 14 3 K
2.552474 10 0 3 K
2.596366 10 0 2 K
2.632251 10 0 1 K
2.655116 10 14 1 K
2.673925 10 13 1 K
2.715833 10 13 2 K
2.738734 10 14 2 K
2.788005 10 13 2 K
2.803653 10 14 2 K
2.854622 10 0 2 K
2.881016 10 14 2 K
2.906216 10 0 2 K
2.945049 10 1 2 K
2.974771 10 1 1 K
3.003559 10 1 0 K
3.037431 10 2 0 K
3.051806 10 1 0 K
3.074692 10 0 0 K
3.122421 10 14 0 K
