-1  15  15  15
 0.000000000  14  3  1  O
 0.008270907  14  2  1  O
 0.034357328  14  1  1  O
 0.078757264  14  0  1  O
 0.115043594  14  0  2  O
 0.144089818  14  0  1  O
 0.162072133  14  0  2  O
 0.205745768  14  1  2  O
 0.234322192  14  2  2  O
 0.263974816  14  3  2  O
 0.288102436  14  2  2  O
 0.305918450  14  3  2  O
 0.316509459  14  3  3  O
 0.000000000  12  9  8  M
 0.007899407  12  9  9  M
 0.024502920  12  9  8  M
 0.074225961  12  8  8  M
 0.096596679  12  8  9  M
 0.125016702  12  8  8  M
 0.146935220  12  9  8  M
 0.187876654  12  9  7  M
 0.237818894  12  9  6  M
 0.261552414  12  10  6  M
 0.299533445  12  10  5  M
 0.325627866  12  11  5  M
 0.343614881  12  10  5  M
 0.383550214  12  11  5  M
 0.000000000  5  11  0  F
 0.006520305  5  11  14  F
 0.034387128  5  11  13  F
 0.053285544  5  10  13  F
 0.073621560  5  11  13  F
 0.119693498  5  11  12  F
 0.132271908  5  12  12  F
 0.150441823  5  11  12  F
 0.166685036  5  11  11  F
 0.214936476  5  11  10  F
 0.226872886  5  10  10  F
 0.277312727  5  11  10  F
 0.304230749  5  10  10  F
 0.324794766  5  10  11  F
 0.336537975  5  11  11  F
 0.366232399  5  11  12  F
 0.000000000  8  13  4  I
 0.007165006  8  14  4  I
 0.029406024  8  14  5  I
 0.050424041  8  13  5  I
 0.074644361  8  13  4  I
 0.115772095  8  12  4  I
 0.150680323  8  12  3  I
 0.169043138  8  12  4  I
 0.196797861  8  11  4  I
 0.239270096  8  10  4  I
 0.282892431  8  10  5  I
 0.331349071  8  9  5  I
 0.375615807  8  9  4  I
 0.394987323  8  9  5  I
 0.411857337  8  9  4  I
 0.423175446  8  8  4  I
 0.446292465  8  9  4  I
 0.466970082  8  9  5  I
 0.502985711  8  8  5  I
 0.529742433  8  9  5  I
 0.545741046  8  10  5  I
 0.560466258  8  10  6  I
 0.597516288  8  10  7  I
 0.608088297  8  10  8  I
 0.654177035  8  9  8  I
 0.698630171  8  9  7  I
 0.718333987  8  10  7  I
 0.747779011  8  9  7  I
 0.000000000  2  12  10  C
 0.005778305  2  12  11  C
 0.021346218  2  11  11  C
 0.037387131  2  12  11  C
 0.061183950  2  11  11  C
 0.098195180  2  10  11  C
 0.142715617  2  11  11  C
 0.184096151  2  11  12  C
 0.226872986  2  11  13  C
 0.272449923  2  12  13  C
 0.299480845  2  12  14  C
 0.327518268  2  13  14  C
 0.360178894  2  14  14  C
 0.396972524  2  0  14  C
 0.437817758  2  1  14  C
 0.471370585  2  1  0  C
 0.482404794  2  1  1  C
 0.512890419  2  0  1  C
 0.557527956  2  0  2  C
 0.600446091  2  1  2  C
 0.629543115  2  0  2  C
 0.645588928  2  0  3  C
 0.671554049  2  14  3  C
 0.698715871  2  13  3  C
 0.725745493  2  13  2  C
 0.752556815  2  13  1  C
 0.784166241  2  13  0  C
 0.815320066  2  13  1  C
 0.844496790  2  12  1  C
 0.874377215  2  12  0  C
 0.000000000  9  2  9  J
 0.007395706  9  2  8  J
 0.023192819  9  1  8  J
 0.071086358  9  2  8  J
 0.092061375  9  2  7  J
 0.125090202  9  2  6  J
 0.160269031  9  1  6  J
 0.183833850  9  0  6  J
 0.211834573  9  14  6  J
 0.262175214  9  14  7  J
 0.273531724  9  13  7  J
 0.294033140  9  12  7  J
 0.305643350  9  12  8  J
 0.345869783  9  13  8  J
 0.370354703  9  14  8  J
 0.393042821  9  14  9  J
 0.411909137  9  0  9  J
 0.457967474  9  0  10  J
 0.508036115  9  1  10  J
 0.529668233  9  0  10  J
 0.576419371  9  0  11  J
 0.596716288  9  1  11  J
 0.642740125  9  1  12  J
 0.671645349  9  1  13  J
 0.682504858  9  1  14  J
 0.709496680  9  1  13  J
 0.747660711  9  2  13  J
 0.770735930  9  2  14  J
 0.804656658  9  2  13  J
 0.852305097  9  3  13  J
 0.900866336  9  4  13  J
 0.946594374  9  4  14  J
 0.963634087  9  4  0  J
 0.000000000  10  7  11  K
 0.007549706  10  8  11  K
 0.022569619  10  9  11  K
 0.057635447  10  10  11  K
 0.074697461  10  11  11  K
 0.091056875  10  10  11  K
 0.126636804  10  11  11  K
 0.155774027  10  11  10  K
 0.178968946  10  12  10  K
 0.214184775  10  12  11  K
 0.240223096  10  11  11  K
 0.258706512  10  12  11  K
 0.286573534  10  11  11  K
 0.330704470  10  11  12  K
 0.377530809  10  12  12  K
 0.415084639  10  12  13  K
 0.440815760  10  13  13  K
 0.470251884  10  14  13  K
 0.513078219  10  14  14  K
 0.559553957  10  0  14  K
 0.605882595  10  0  13  K
 0.627517013  10  0  14  K
 0.655010335  10  14  14  K
 0.680190356  10  14  13  K
 0.722086290  10  0  13  K
 0.754856217  10  0  14  K
 0.786620943  10  14  14  K
 0.807052560  10  14  0  K
 0.828385877  10  14  14  K
 0.847100992  10  14  0  K
 0.858046701  10  0  0  K
 0.884265023  10  0  1  K
 0.919230151  10  1  1  K
 0.941005069  10  1  0  K
 0.974030896  10  0  0  K
 0.992370011  10  0  1  K
 1.031427643  10  0  2  K
 1.077313180  10  0  3  K
 0.000000000  11  6  10  L
 0.007700606  11  5  10  L
 0.029361624  11  5  9  L
 0.073929661  11  4  9  L
 0.101660283  11  5  9  L
 0.115043494  11  4  9  L
 0.136630612  11  5  9  L
 0.153105125  11  4  9  L
 0.194749659  11  4  10  L
 0.244192600  11  4  9  L
 0.265570117  11  4  10  L
 0.276138326  11  4  11  L
 0.302906348  11  4  12  L
 0.323601365  11  5  12  L
 0.346432183  11  5  11  L
 0.391547620  11  5  12  L
 0.409064434  11  5  13  L
 0.426441449  11  5  12  L
 0.444279363  11  4  12  L
 0.467992083  11  3  12  L
 0.482048794  11  2  12  L
 0.499485708  11  3  12  L
 0.517450723  11  2  12  L
 0.545917546  11  1  12  L
 0.573281669  11  1  13  L
 0.605896795  11  0  13  L
 0.624026810  11  0  12  L
 0.668238646  11  1  12  L
 0.685483560  11  1  13  L
 0.720047288  11  1  14  L
 0.741393306  11  1  13  L
 0.765902126  11  0  13  L
 0.809648562  11  0  14  L
 0.840100287  11  0  0  L
 0.870862912  11  0  14  L
 0.904756639  11  1  14  L
 0.916362949  11  1  0  L
 0.932538362  11  0  0  L
 0.951601778  11  0  14  L
 0.999929017  11  0  13  L
 1.011836427  11  14  13  L
 1.060719867  11  14  14  L
 1.088489889  11  14  0  L
 1.128476422  11  0  0  L
 0.000000000  0  13  13  A
 0.005268704  0  14  13  A
 0.037542331  0  14  14  A
 0.072126259  0  13  14  A
 0.086543871  0  13  0  A
 0.134172910  0  12  0  A
 0.158307329  0  12  1  A
 0.187599253  0  13  1  A
 0.221742381  0  14  1  A
 0.244197500  0  14  2  A
 0.257142710  0  13  2  A
 0.279607729  0  14  2  A
 0.313055556  0  14  3  A
 0.362339196  0  14  4  A
 0.375631307  0  14  3  A
 0.396795824  0  14  2  A
 0.440033060  0  13  2  A
 0.456367073  0  14  2  A
 0.477303690  0  14  1  A
 0.498232007  0  14  2  A
 0.533927136  0  14  1  A
 0.572194368  0  14  2  A
 0.588363381  0  13  2  A
 0.619418006  0  13  3  A
 0.663205842  0  12  3  A
 0.690684064  0  12  4  A
 0.716890386  0  13  4  A
 0.747897411  0  12  4  A
 0.797994452  0  12  5  A
 0.819707070  0  11  5  A
 0.832088180  0  11  6  A
 0.879084518  0  12  6  A
 0.896385933  0  12  7  A
 0.938237167  0  13  7  A
 0.958395883  0  13  8  A
 1.007556223  0  13  7  A
 1.024643737  0  14  7  A
 1.047858256  0  0  7  A
 1.061054467  0  14  7  A
 1.080883083  0  14  6  A
 1.092999293  0  14  5  A
 1.119169315  0  0  5  A
 1.152060641  0  1  5  A
 1.184035868  0  0  5  A
 1.227706403  0  0  4  A
 1.239826813  0  0  3  A
 0.000000000  1  5  8  B
 0.005517105  1  5  9  B
 0.052298243  1  5  10  B
 0.073370960  1  4  10  B
 0.085864270  1  4  9  B
 0.124299702  1  4  10  B
 0.146821920  1  4  9  B
 0.187694753  1  4  8  B
 0.236921394  1  4  9  B
 0.250348905  1  3  9  B
 0.277242527  1  3  10  B
 0.289463237  1  3  11  B
 0.332429072  1  2  11  B
 0.381560112  1  1  11  B
 0.402669129  1  1  12  B
 0.415804340  1  1  13  B
 0.436027156  1  2  13  B
 0.477118290  1  3  13  B
 0.516180622  1  3  12  B
 0.548622948  1  3  11  B
 0.591096683  1  3  12  B
 0.631094616  1  3  11  B
 0.647438329  1  2  11  B
 0.683874159  1  2  10  B
 0.707423978  1  1  10  B
 0.747779111  1  2  10  B
 0.786937543  1  2  9  B
 0.831511280  1  2  10  B
 0.849847795  1  2  9  B
 0.867706309  1  3  9  B
 0.903282238  1  3  8  B
 0.941936970  1  2  8  B
 0.962167586  1  3  8  B
 0.992800611  1  3  9  B
 1.035877547  1  4  9  B
 1.046373355  1  5  9  B
 1.093057193  1  5  10  B
 1.107880605  1  5  11  B
 1.132031625  1  4  11  B
 1.158044446  1  5  11  B
 1.190712973  1  5  12  B
 1.221582498  1  5  11  B
 1.249968221  1  5  10  B
 1.283477349  1  5  9  B
 1.320601479  1  6  9  B
 1.351819105  1  6  8  B
 1.382199729  1  6  7  B
 1.404193047  1  5  7  B
 1.426155665  1  4  7  B
 0.000000000  13  12  4  N
 0.008096507  13  11  4  N
 0.054172944  13  12  4  N
 0.099233081  13  13  4  N
 0.122387600  13  12  4  N
 0.156868628  13  13  4  N
 0.188383654  13  13  3  N
 0.229076187  13  14  3  N
 0.244967100  13  14  4  N
 0.284577433  13  14  3  N
 0.320321962  13  14  4  N
 0.337646076  13  13  4  N
 0.358335493  13  14  4  N
 0.387106516  13  14  5  N
 0.408607934  13  13  5  N
 0.456306073  13  13  6  N
 0.494814604  13  14  6  N
 0.516364022  13  13  6  N
 0.541336142  13  13  5  N
 0.567574964  13  13  4  N
 0.583148577  13  14  4  N
 0.608011597  13  14  5  N
 0.631173016  13  13  5  N
 0.655010535  13  13  4  N
 0.671536549  13  13  3  N
 0.714932184  13  13  2  N
 0.750237613  13  13  1  N
 0.765991526  13  14  1  N
 0.784024041  13  14  2  N
 0.811757563  13  14  3  N
 0.850767895  13  14  2  N
 0.867659409  13  13  2  N
 0.903296738  13  13  1  N
 0.948697175  13  13  2  N
 0.979932401  13  13  1  N
 1.004610921  13  14  1  N
 1.017111231  13  0  1  N
 1.029628241  13  0  2  N
 1.070216175  13  0  3  N
 1.114944011  13  0  4  N
 1.145022936  13  0  3  N
 1.187911671  13  14  3  N
 1.203720484  13  14  2  N
 1.217312295  13  14  1  N
 1.239404613  13  13  1  N
 1.272737940  13  13  0  N
 1.310454571  13  12  0  N
 1.322961681  13  13  0  N
 1.371101420  13  13  14  N
 1.389723236  13  13  0  N
 1.434459672  13  13  14  N
 1.455799090  13  13  13  N
 1.490834318  13  13  12  N
 1.510951635  13  12  12  N
 1.535192554  13  13  12  N
 1.564583978  13  12  12  N
 1.607899214  13  12  11  N
 1.628544331  13  12  10  N
 1.675544469  13  12  11  N
 0.000000000  6  13  7  G
 0.006792306  6  13  6  G
 0.031248726  6  13  5  G
 0.080627666  6  12  5  G
 0.103939685  6  11  5  G
 0.130133306  6  10  5  G
 0.166008436  6  10  6  G
 0.208139270  6  10  7  G
 0.241347197  6  10  8  G
 0.279526929  6  10  7  G
 0.296331042  6  10  8  G
 0.329453969  6  10  9  G
 0.341777779  6  10  10  G
 0.361235895  6  11  10  G
 0.405646632  6  12  10  G
 0.427568349  6  11  10  G
 0.445547164  6  12  10  G
 0.471924486  6  12  9  G
 0.497256206  6  13  9  G
 0.532103235  6  13  10  G
 0.573466869  6  13  9  G
 0.620273607  6  13  10  G
 0.638542622  6  13  11  G
 0.680190156  6  12  11  G
 0.698520671  6  12  10  G
 0.734511000  6  11  10  G
 0.780187538  6  10  10  G
 0.819727470  6  10  11  G
 0.840129387  6  10  10  G
 0.887544325  6  10  11  G
 0.916363149  6  9  11  G
 0.933794063  6  8  11  G
 0.974854797  6  7  11  G
 1.011587327  6  7  10  G
 1.049386658  6  8  10  G
 1.066215071  6  8  9  G
 1.090627791  6  8  8  G
 1.130236024  6  8  9  G
 1.149291839  6  8  8  G
 1.163179151  6  7  8  G
 1.196585878  6  8  8  G
 1.226246202  6  8  9  G
 1.239067013  6  8  10  G
 1.261873031  6  8  11  G
 1.304862766  6  8  12  G
 1.325671283  6  8  11  G
 1.351064404  6  8  12  G
 1.362369613  6  9  12  G
 1.375646924  6  10  12  G
 1.397853742  6  10  13  G
 1.437327775  6  9  13  G
 1.485180314  6  8  13  G
 1.499251025  6  8  14  G
 1.510781735  6  8  0  G
 1.528516249  6  9  0  G
 1.540129059  6  8  0  G
 1.559082174  6  8  14  G
 1.574279786  6  8  0  G
 1.608423014  6  7  0  G
 1.637224338  6  6  0  G
 1.684265876  6  7  0  G
 1.724076009  6  7  14  G
 1.769290246  6  7  13  G
 1.805299375  6  6  13  G
 1.817968686  6  7  13  G
 1.867397026  6  7  12  G
 1.900768253  6  6  12  G
 1.944064789  6  5  12  G
 1.957445499  6  5  13  G
 1.999335634  6  4  13  G
 2.019925351  6  4  12  G
 2.042594869  6  4  11  G
 2.080597100  6  3  11  G
 2.115197028  6  4  11  G
 2.162452367  6  4  10  G
 2.193137892  6  4  9  G
 2.208522405  6  4  10  G
 2.242536732  6  4  11  G
 0.000000000  4  1  3  E
 0.006301405  4  1  2  E
 0.019319016  4  0  2  E
 0.036028330  4  0  1  E
 0.081903067  4  0  2  E
 0.124552202  4  0  3  E
 0.140024215  4  1  3  E
 0.162098633  4  2  3  E
 0.205705268  4  1  3  E
 0.240148296  4  2  3  E
 0.259895312  4  1  3  E
 0.306247550  4  2  3  E
 0.338985777  4  1  3  E
 0.360178694  4  1  4  E
 0.386746016  4  1  3  E
 0.430076852  4  1  2  E
 0.450791968  4  1  1  E
 0.483788795  4  1  2  E
 0.505496213  4  1  3  E
 0.519230124  4  0  3  E
 0.559633757  4  1  3  E
 0.580971775  4  1  2  E
 0.595271487  4  1  1  E
 0.623346109  4  1  2  E
 0.663561342  4  1  3  E
 0.707285478  4  1  4  E
 0.737971803  4  2  4  E
 0.786549943  4  2  5  E
 0.822520272  4  2  6  E
 0.843700489  4  2  7  E
 0.879084518  4  2  6  E
 0.923230254  4  2  5  E
 0.967044390  4  2  4  E
 0.997179315  4  2  3  E
 1.024025037  4  2  4  E
 1.046320755  4  3  4  E
 1.068079873  4  3  3  E
 1.099935899  4  3  2  E
 1.110858508  4  3  3  E
 1.137979930  4  4  3  E
 1.151407841  4  5  3  E
 1.187915871  4  5  2  E
 1.199374080  4  4  2  E
 1.243797116  4  4  1  E
 1.254297525  4  3  1  E
 1.276802143  4  2  1  E
 1.322961781  4  2  0  E
 1.362784214  4  2  14  E
 1.382550430  4  3  14  E
 1.393831039  4  3  13  E
 1.405909749  4  4  13  E
 1.436746174  4  4  12  E
 1.468131600  4  4  11  E
 1.499164725  4  4  12  E
 1.535192454  4  3  12  E
 1.564434978  4  4  12  E
 1.599030807  4  4  13  E
 1.634400436  4  3  13  E
 1.645330344  4  2  13  E
 1.669299364  4  2  14  E
 1.689442180  4  2  0  E
 1.716879503  4  3  0  E
 1.744138625  4  4  0  E
 1.759138837  4  4  14  E
 1.776150551  4  4  13  E
 1.820384187  4  4  14  E
 1.863050522  4  4  0  E
 1.897773251  4  5  0  E
 1.943164188  4  5  14  E
 1.972286212  4  5  13  E
 1.984864822  4  5  12  E
 2.012530044  4  4  12  E
 2.044519871  4  5  12  E
 2.077701998  4  4  12  E
 2.120917633  4  5  12  E
 2.169218472  4  6  12  E
 2.183622284  4  7  12  E
 2.208755205  4  6  12  E
 2.234714126  4  5  12  E
 2.255795343  4  5  11  E
 2.286989669  4  5  12  E
 2.308994487  4  5  11  E
 2.330666604  4  5  12  E
 2.375991341  4  6  12  E
 2.405657766  4  5  12  E
 0.000000000  3  9  14  D
 0.006045205  3  10  14  D
 0.021989318  3  10  13  D
 0.051412142  3  10  14  D
 0.096596679  3  10  13  D
 0.130103406  3  10  14  D
 0.162726033  3  9  14  D
 0.205660268  3  9  13  D
 0.235716093  3  9  14  D
 0.262415815  3  10  14  D
 0.291181738  3  9  14  D
 0.336021875  3  9  13  D
 0.357961193  3  10  13  D
 0.393365322  3  10  12  D
 0.427524649  3  10  11  D
 0.452541770  3  9  11  D
 0.481284293  3  8  11  D
 0.526956531  3  8  10  D
 0.559553957  3  8  9  D
 0.605896795  3  8  8  D
 0.636023920  3  7  8  D
 0.659464739  3  7  9  D
 0.686497061  3  7  10  D
 0.715401285  3  6  10  D
 0.737019602  3  6  11  D
 0.787248543  3  6  10  D
 0.830793879  3  7  10  D
 0.842138988  3  6  10  D
 0.890061427  3  7  10  D
 0.936771266  3  7  9  D
 0.957996083  3  8  9  D
 0.974030796  3  9  9  D
 1.002682219  3  8  9  D
 1.019505033  3  7  9  D
 1.057953765  3  7  8  D
 1.080882983  3  6  8  D
 1.094208794  3  6  9  D
 1.112087309  3  7  9  D
 1.153254942  3  8  9  D
 1.190671473  3  8  10  D
 1.201523782  3  8  11  D
 1.235588810  3  8  12  D
 1.270950739  3  8  13  D
 1.309470970  3  8  12  D
 1.344051898  3  7  12  D
 1.373057122  3  7  13  D
 1.411349553  3  7  12  D
 1.434498672  3  7  11  D
 1.471149602  3  8  11  D
 1.496139123  3  8  10  D
 1.533982753  3  8  9  D
 1.563846778  3  8  8  D
 1.594251103  3  8  9  D
 1.625666928  3  8  10  D
 1.669299564  3  8  9  D
 1.707120995  3  7  9  D
 1.727602612  3  8  9  D
 1.763004141  3  9  9  D
 1.805720476  3  8  9  D
 1.848997711  3  9  9  D
 1.875277632  3  8  9  D
 1.903936456  3  8  10  D
 1.931315778  3  7  10  D
 1.968044008  3  6  10  D
 2.017218048  3  6  11  D
 2.034264062  3  6  10  D
 2.047367373  3  5  10  D
 2.057585681  3  5  11  D
 2.095877213  3  5  12  D
 2.138222447  3  6  12  D
 2.183714884  3  6  13  D
 2.223505417  3  6  12  D
 2.236311927  3  6  13  D
 2.270538655  3  5  13  D
 2.290270371  3  5  14  D
 2.332922006  3  6  14  D
 2.375236641  3  7  14  D
 2.404981565  3  8  14  D
 2.438990293  3  8  0  D
 2.464274414  3  8  1  D
 2.507553549  3  9  1  D
 2.540728876  3  9  2  D
 2.558998091  3  9  3  D
 2.569668700  3  9  2  D
 2.591319517  3  9  3  D
 2.624970445  3  9  4  D
 2.636133854  3  9  3  D
 2.666520279  3  8  3  D
 2.688239897  3  8  4  D
 2.717875121  3  8  5  D
 2.738536538  3  8  6  D
 2.771835165  3  9  6  D
 2.816303801  3  9  5  D
 2.834434916  3  9  4  D
 2.879643253  3  8  4  D
 2.901099970  3  8  5  D
 2.926082391  3  8  4  D
 0.000000000  7  1  2  H
 0.007027106  7  2  2  H
 0.023718620  7  2  3  H
 0.062334451  7  2  4  H
 0.110812291  7  1  4  H
 0.149427822  7  2  4  H
 0.192853458  7  2  5  H
 0.225542884  7  2  4  H
 0.264926117  7  2  3  H
 0.295884042  7  2  2  H
 0.321599563  7  2  3  H
 0.355139390  7  2  2  H
 0.375631407  7  1  2  H
 0.416780441  7  1  1  H
 0.437817758  7  1  2  H
 0.458530875  7  1  3  H
 0.471674086  7  2  3  H
 0.502888611  7  3  3  H
 0.539710041  7  2  3  H
 0.583790677  7  1  3  H
 0.623118609  7  1  2  H
 0.638494922  7  1  1  H
 0.683787959  7  0  1  H
 0.729776096  7  0  0  H
 0.769874729  7  0  14  H
 0.809573462  7  14  14  H
 0.847100992  7  0  14  H
 0.896548233  7  14  14  H
 0.914487647  7  0  14  H
 0.941821070  7  0  13  H
 0.985005905  7  0  14  H
 1.013014228  7  14  14  H
 1.051923860  7  14  0  H
 1.086587488  7  14  14  H
 1.122790218  7  14  0  H
 1.166205653  7  0  0  H
 1.197744979  7  0  14  H
 1.229699305  7  1  14  H
 1.258098828  7  0  14  H
 1.307870069  7  1  14  H
 1.343356398  7  2  14  H
 1.386636133  7  2  13  H
 1.434280572  7  1  13  H
 1.459012792  7  1  14  H
 1.473856804  7  1  13  H
 1.520650943  7  1  14  H
 1.544375662  7  1  13  H
 1.556340872  7  0  13  H
 1.576935889  7  0  14  H
 1.607768414  7  14  14  H
 1.648707247  7  0  14  H
 1.683271975  7  0  0  H
 1.714643101  7  14  0  H
 1.735311118  7  0  0  H
 1.778051653  7  0  1  H
 1.826050792  7  1  1  H
 1.847511010  7  1  0  H
 1.866208325  7  1  14  H
 1.879559536  7  2  14  H
 1.908952060  7  2  13  H
 1.936639682  7  1  13  H
 1.972427412  7  2  13  H
 2.017331248  7  1  13  H
 2.067199089  7  1  14  H
 2.111899626  7  1  13  H
 2.125753437  7  0  13  H
 2.175815978  7  0  12  H
 2.217709012  7  0  11  H
 2.253634441  7  0  12  H
 2.283596566  7  0  11  H
 2.312478090  7  1  11  H
 2.361839630  7  1  12  H
 2.388593452  7  1  11  H
 2.434980190  7  0  11  H
 2.482436428  7  0  12  H
 2.504155546  7  1  12  H
 2.540729076  7  1  13  H
 2.588350915  7  1  12  H
 2.603172727  7  1  13  H
 2.648153964  7  1  12  H
 2.666910779  7  1  13  H
 2.678348488  7  1  12  H
 2.723112725  7  1  13  H
 2.748538946  7  2  13  H
 2.781781773  7  3  13  H
 2.831956614  7  3  14  H
 2.874355349  7  2  14  H
 2.916920283  7  3  14  H
 2.937948401  7  2  14  H
 2.974303030  7  3  14  H
 3.002755954  7  3  0  H
 3.052430494  7  4  0  H
 3.068631507  7  5  0  H
 3.108240840  7  5  1  H
