-1  15  15  15
 0.000000000  14  10  0  O
 0.010277100  14  10  1  O
 0.038320200  14  11  1  O
 0.054173300  14  11  1  o
 0.000000000  3  9  12  D
 0.008793900  3  9  13  D
 0.047822900  3  9  12  D
 0.063516700  3  9  13  D
 0.088694800  3  9  13  d
 0.000000000  11  3  0  L
 0.009976200  11  3  1  L
 0.060272600  11  2  1  L
 0.074732500  11  1  1  L
 0.096805399  11  1  2  L
 0.145945499  11  0  2  L
 0.186657299  11  0  1  L
 0.223244599  11  1  1  L
 0.261283498  11  2  1  L
 0.278039498  11  2  0  L
 0.309696298  11  1  0  L
 0.336324498  11  1  14  L
 0.372726298  11  0  14  L
 0.414283497  11  0  13  L
 0.427586397  11  0  14  L
 0.476478997  11  0  14  l
 0.000000000  12  1  13  M
 0.010106800  12  0  13  M
 0.050924800  12  0  14  M
 0.087409500  12  0  13  M
 0.123145699  12  1  13  M
 0.155587999  12  1  12  M
 0.199839299  12  0  12  M
 0.215000199  12  0  13  M
 0.228438199  12  0  12  M
 0.277989998  12  0  13  M
 0.288785398  12  1  13  M
 0.327254898  12  0  13  M
 0.340574498  12  0  12  M
 0.386421798  12  0  13  M
 0.476635197  12  14  13  M
 0.507082997  12  13  13  M
 0.551316197  12  14  13  M
 0.570262696  12  14  12  M
 0.598851796  12  14  13  M
 0.621973896  12  14  14  M
 0.650708896  12  14  14  m
 0.000000000  13  3  12  N
 0.010176000  13  3  11  N
 0.059759300  13  2  11  N
 0.090417800  13  3  11  N
 0.128624799  13  3  10  N
 0.171412799  13  4  10  N
 0.215554999  13  4  9  N
 0.246989099  13  3  9  N
 0.287888498  13  3  8  N
 0.339404098  13  3  7  N
 0.382553298  13  3  8  N
 0.407847597  13  3  9  N
 0.423522797  13  3  10  N
 0.459539097  13  4  10  N
 0.474900497  13  4  9  N
 0.485974597  13  4  10  N
 0.523840397  13  4  11  N
 0.550207397  13  3  11  N
 0.576687496  13  3  12  N
 0.607091396  13  2  12  N
 0.651479296  13  3  12  N
 0.684623096  13  2  12  N
 0.723990295  13  2  13  N
 0.768309395  13  2  14  N
 0.815943295  13  1  14  N
 0.848388495  13  1  0  N
 0.894556994  13  1  14  N
 0.921582294  13  0  14  N
 0.961616494  13  1  14  N
 0.990760094  13  2  14  N
 0.000000000  8  0  5  I
 0.009562500  8  1  5  I
 0.044189800  8  0  5  I
 0.088694700  8  14  5  I
 0.134102799  8  13  5  I
 0.183421999  8  12  5  I
 0.218631699  8  12  4  I
 0.243264899  8  13  4  I
 0.257319098  8  14  4  I
 0.277076298  8  13  4  I
 0.318529998  8  14  4  I
 0.345492398  8  14  3  I
 0.373257698  8  0  3  I
 0.414479597  8  0  4  I
 0.447917997  8  0  3  I
 0.477834997  8  1  3  I
 0.514901197  8  0  3  I
 0.558445496  8  0  4  I
 0.572944096  8  0  5  I
 0.605729896  8  0  6  I
 0.619268496  8  14  6  I
 0.667775096  8  14  5  I
 0.681838996  8  14  6  I
 0.710775595  8  14  5  I
 0.749975395  8  14  6  I
 0.782767695  8  14  7  I
 0.805795095  8  14  8  I
 0.830174195  8  14  7  I
 0.858060294  8  0  7  I
 0.894343194  8  14  7  I
 0.925920194  8  13  7  I
 0.954028894  8  13  8  I
 1.002098794  8  13  9  I
 1.022355993  8  14  9  I
 1.048872693  8  0  9  I
 1.071281393  8  1  9  I
 1.108387293  8  0  9  I
 1.137302493  8  0  8  I
 0.000000000  2  4  8  C
 0.008628200  2  4  9  C
 0.060404900  2  4  8  C
 0.092976700  2  4  7  C
 0.109819999  2  4  8  C
 0.159992399  2  4  9  C
 0.208809999  2  4  8  C
 0.223223699  2  4  7  C
 0.238924499  2  3  7  C
 0.249620698  2  3  8  C
 0.296401298  2  3  7  C
 0.339231498  2  3  6  C
 0.362650898  2  3  7  C
 0.408018097  2  4  7  C
 0.425248497  2  4  8  C
 0.453459697  2  5  8  C
 0.479125497  2  6  8  C
 0.524257097  2  5  8  C
 0.552446297  2  5  7  C
 0.580314196  2  6  7  C
 0.601322496  2  6  8  C
 0.622093596  2  7  8  C
 0.651479296  2  7  7  C
 0.694773796  2  7  8  C
 0.722274995  2  7  9  C
 0.739145395  2  6  9  C
 0.788621195  2  6  10  C
 0.825910895  2  6  11  C
 0.865807294  2  5  11  C
 0.895704094  2  6  11  C
 0.921582494  2  5  11  C
 0.940391394  2  6  11  C
 0.952747494  2  6  10  C
 1.001306594  2  5  10  C
 1.025532693  2  5  11  C
 1.048875893  2  5  12  C
 1.093673793  2  6  12  C
 1.108284393  2  6  11  C
 1.158275293  2  6  12  C
 0.000000000  5  0  13  F
 0.009121800  5  0  12  F
 0.050861300  5  14  12  F
 0.080240600  5  0  12  F
 0.128266399  5  0  11  F
 0.143266799  5  14  11  F
 0.157332399  5  0  11  F
 0.171412899  5  0  10  F
 0.217751499  5  14  10  F
 0.235533699  5  13  10  F
 0.280492898  5  12  10  F
 0.319360098  5  12  11  F
 0.363004098  5  12  10  F
 0.377576598  5  11  10  F
 0.427712397  5  11  9  F
 0.443526197  5  12  9  F
 0.461426297  5  12  8  F
 0.475965897  5  11  8  F
 0.505490497  5  11  7  F
 0.555392796  5  12  7  F
 0.590660596  5  12  6  F
 0.635749196  5  11  6  F
 0.658206496  5  11  5  F
 0.693189996  5  12  5  F
 0.713699295  5  13  5  F
 0.736950195  5  12  5  F
 0.757504695  5  11  5  F
 0.778358295  5  10  5  F
 0.805112395  5  10  6  F
 0.844226195  5  10  5  F
 0.855705295  5  11  5  F
 0.877385994  5  11  6  F
 0.897809094  5  10  6  F
 0.916345794  5  10  7  F
 0.928840494  5  11  7  F
 0.957981994  5  11  6  F
 0.993355394  5  11  5  F
 1.043720493  5  11  6  F
 1.076641093  5  12  6  F
 1.096050393  5  11  6  F
 1.124003793  5  10  6  F
 1.135681793  5  11  6  F
 1.181527792  5  11  5  F
 1.209864192  5  11  6  F
 1.240614192  5  10  6  F
 1.255979692  5  10  5  F
 1.288070592  5  10  6  F
 1.320874291  5  10  7  F
 1.397255591  5  10  8  F
 1.431071591  5  10  9  F
 1.468888290  5  10  10  F
 1.505387590  5  10  11  F
 0.000000000  0  12  5  A
 0.008305700  0  12  6  A
 0.042257400  0  13  6  A
 0.060484500  0  12  6  A
 0.093653900  0  12  7  A
 0.132043599  0  11  7  A
 0.177113799  0  12  7  A
 0.213280999  0  11  7  A
 0.249751398  0  10  7  A
 0.298773198  0  11  7  A
 0.309696598  0  11  6  A
 0.335908098  0  11  5  A
 0.365522998  0  11  4  A
 0.382553298  0  11  3  A
 0.420993597  0  11  2  A
 0.432743797  0  12  2  A
 0.467118297  0  12  1  A
 0.493992597  0  13  1  A
 0.504852497  0  13  2  A
 0.536972497  0  13  3  A
 0.576121696  0  13  4  A
 0.626399296  0  13  5  A
 0.658206496  0  13  6  A
 0.681432996  0  13  5  A
 0.692881896  0  13  4  A
 0.708394295  0  14  4  A
 0.723990495  0  14  5  A
 0.782975195  0  0  5  A
 0.804545395  0  1  5  A
 0.844099995  0  1  6  A
 0.857652895  0  2  6  A
 0.877639794  0  2  5  A
 0.901431594  0  2  6  A
 0.939592194  0  1  6  A
 0.972969494  0  1  7  A
 1.003690494  0  2  7  A
 1.021394493  0  1  7  A
 1.044024393  0  1  8  A
 1.072265893  0  2  8  A
 1.097731293  0  2  7  A
 1.134536693  0  2  8  A
 1.157615193  0  1  8  A
 1.204847992  0  1  9  A
 1.247210792  0  0  9  A
 1.296087092  0  0  8  A
 1.344745091  0  1  8  A
 1.368990491  0  2  8  A
 1.412979191  0  2  9  A
 1.442150091  0  2  10  A
 1.480812690  0  3  10  A
 1.528187590  0  2  10  A
 1.578281390  0  3  10  A
 1.601596590  0  2  10  A
 0.000000000  7  2  1  H
 0.009422500  7  2  0  H
 0.054173300  7  3  0  H
 0.067488100  7  3  14  H
 0.082889100  7  3  13  H
 0.097720399  7  2  13  H
 0.135963099  7  2  14  H
 0.179254799  7  2  0  H
 0.217751499  7  1  0  H
 0.259661398  7  1  1  H
 0.278211198  7  0  1  H
 0.313992898  7  0  0  H
 0.330035598  7  1  0  H
 0.372800398  7  1  14  H
 0.414456697  7  1  0  H
 0.439171297  7  1  14  H
 0.474236097  7  0  14  H
 0.761896895  7  14  14  H
 0.952164994  7  14  13  H
 0.990609994  7  14  14  H
 1.033568493  7  0  14  H
 1.055820293  7  0  0  H
 1.094114193  7  14  0  H
 1.119177393  7  0  0  H
 1.167913792  7  14  0  H
 1.207884092  7  13  0  H
 1.228829992  7  14  0  H
 1.253519992  7  14  14  H
 1.283143792  7  13  14  H
 1.311222392  7  12  14  H
 1.333465591  7  12  13  H
 1.350377391  7  11  13  H
 1.380432391  7  12  13  H
 1.424164291  7  11  13  H
 1.447671991  7  11  12  H
 1.461392691  7  11  11  H
 1.501139690  7  11  10  H
 1.549111090  7  12  10  H
 1.599845490  7  13  10  H
 1.644863589  7  14  10  H
 1.695234989  7  13  10  H
 1.744998289  7  12  10  H
 1.786786188  7  13  10  H
 0.000000000  1  6  5  B
 0.008465000  1  6  4  B
 0.055067400  1  5  4  B
 0.067528300  1  6  4  B
 0.098724799  1  7  4  B
 0.138631999  1  8  4  B
 0.158254999  1  9  4  B
 0.206543199  1  8  4  B
 0.225814299  1  7  4  B
 0.254232798  1  8  4  B
 0.300837398  1  7  4  B
 0.319539398  1  8  4  B
 0.358150398  1  8  3  B
 0.393484098  1  9  3  B
 0.427850697  1  10  3  B
 0.459176497  1  11  3  B
 0.509478697  1  11  2  B
 0.555401596  1  12  2  B
 0.601733196  1  11  2  B
 0.628588996  1  11  1  B
 0.655870396  1  10  1  B
 0.692476496  1  10  0  B
 0.738712695  1  9  0  B
 0.759083095  1  10  0  B
 0.805825995  1  10  1  B
 0.820664795  1  10  2  B
 0.855178995  1  9  2  B
 0.881436794  1  9  3  B
 0.917207994  1  8  3  B
 0.966427294  1  7  3  B
 0.981654294  1  8  3  B
 1.018734593  1  8  2  B
 1.047203993  1  9  2  B
 1.091835393  1  10  2  B
 1.106013993  1  10  1  B
 1.122270193  1  10  2  B
 1.141691593  1  10  3  B
 1.160256493  1  11  3  B
 1.176167892  1  11  4  B
 1.218081892  1  12  4  B
 1.261631592  1  11  4  B
 1.295889692  1  12  4  B
 1.331155691  1  11  4  B
 1.348587591  1  12  4  B
 1.396561291  1  11  4  B
 1.434699491  1  10  4  B
 1.453793491  1  10  5  B
 1.467144991  1  9  5  B
 1.492018890  1  9  4  B
 1.508491090  1  9  5  B
 1.558312290  1  9  6  B
 1.581269090  1  9  7  B
 1.628871389  1  8  7  B
 1.670496389  1  7  7  B
 1.691939589  1  6  7  B
 1.705414889  1  7  7  B
 1.744556989  1  6  7  B
 1.768848989  1  6  8  B
 1.808770688  1  5  8  B
 1.819026388  1  5  9  B
 0.000000000  6  11  14  G
 0.009283300  6  11  0  G
 0.043528100  6  11  1  G
 0.326764698  6  12  1  G
 0.371535798  6  12  0  G
 0.402267997  6  13  0  G
 0.451282897  6  13  1  G
 0.470022497  6  13  2  G
 0.485440897  6  13  3  G
 0.524373697  6  12  3  G
 0.537073797  6  12  2  G
 0.551401897  6  12  3  G
 0.572719296  6  13  3  G
 0.626570996  6  14  3  G
 0.667138196  6  0  3  G
 0.678179396  6  1  3  G
 0.727546695  6  0  3  G
 0.765055795  6  14  3  G
 0.782640195  6  0  3  G
 0.830174395  6  0  2  G
 0.871625494  6  0  1  G
 0.884990194  6  14  1  G
 0.901596694  6  14  0  G
 0.936589294  6  0  0  G
 0.979759694  6  0  14  G
 1.018367393  6  1  14  G
 1.036629293  6  1  0  G
 1.073708593  6  2  0  G
 1.096388593  6  2  1  G
 1.137302493  6  1  1  G
 1.156564793  6  2  1  G
 1.182606392  6  1  1  G
 1.221572492  6  1  2  G
 1.243335192  6  1  3  G
 1.272509192  6  2  3  G
 1.285137392  6  2  2  G
 1.296660492  6  3  2  G
 1.338071291  6  3  1  G
 1.379004491  6  3  0  G
 1.408164891  6  2  0  G
 1.445056291  6  2  14  G
 1.467365391  6  2  0  G
 1.505387390  6  2  14  G
 1.540835590  6  2  0  G
 1.584405590  6  2  14  G
 1.628365189  6  2  13  G
 1.642707989  6  1  13  G
 1.687157289  6  1  14  G
 1.730185789  6  1  0  G
 1.772293188  6  1  14  G
 1.819387488  6  0  14  G
 1.858665188  6  14  14  G
 1.902333388  6  0  14  G
 1.944385287  6  0  0  G
 1.968661687  6  1  0  G
 1.990097687  6  1  1  G
 2.005538187  6  1  0  G
 2.037840387  6  0  0  G
 2.075873487  6  14  0  G
 2.105567686  6  14  1  G
 2.116239486  6  14  0  G
 2.151955686  6  13  0  G
 2.185145986  6  14  0  G
 2.232989385  6  13  0  G
 2.269875585  6  12  0  G
 2.313535185  6  12  1  G
 2.355004785  6  13  1  G
 2.383988784  6  12  1  G
 2.400954184  6  12  2  G
 2.431111484  6  11  2  G
 2.478087984  6  12  2  G
 0.000000000  9  12  12  J
 0.009702100  9  11  12  J
 0.043564900  9  11  13  J
 0.058756200  9  10  13  J
 0.095339800  9  9  13  J
 0.370341598  9  9  12  J
 0.386663098  9  9  13  J
 0.429313497  9  10  13  J
 0.476196297  9  9  13  J
 0.495844197  9  9  12  J
 0.533110097  9  10  12  J
 0.558445696  9  10  13  J
 0.577901996  9  10  12  J
 0.595264296  9  9  12  J
 0.644861896  9  8  12  J
 0.674646996  9  8  13  J
 0.695220296  9  7  13  J
 0.716493295  9  7  14  J
 0.740495095  9  6  14  J
 0.768146195  9  6  13  J
 0.806275295  9  5  13  J
 0.841758995  9  4  13  J
 0.858131994  9  3  13  J
 0.902952094  9  3  14  J
 0.915870494  9  4  14  J
 0.956453094  9  4  0  J
 0.975602194  9  4  14  J
 1.002252994  9  4  0  J
 1.014933893  9  4  14  J
 1.064748393  9  5  14  J
 1.081654593  9  5  0  J
 1.093767693  9  5  1  J
 1.129980793  9  4  1  J
 1.157103293  9  4  0  J
 1.184100092  9  3  0  J
 1.218842792  9  3  1  J
 1.241917792  9  3  2  J
 1.258331892  9  3  3  J
 1.270474492  9  3  4  J
 1.285137392  9  4  4  J
 1.308045292  9  4  5  J
 1.329809591  9  4  6  J
 1.360499291  9  4  7  J
 1.390506091  9  4  8  J
 1.429812091  9  3  8  J
 1.445056391  9  3  9  J
 1.469554590  9  3  8  J
 1.516072090  9  2  8  J
 1.556129590  9  2  7  J
 1.591118490  9  2  8  J
 1.624670589  9  3  8  J
 1.662176889  9  3  9  J
 1.683181989  9  3  8  J
 1.732059289  9  4  8  J
 1.744048689  9  4  7  J
 1.756149789  9  4  8  J
 1.784148988  9  4  9  J
 1.818731088  9  5  9  J
 1.856111188  9  5  10  J
 1.890104888  9  5  9  J
 1.917166488  9  5  10  J
 1.955582587  9  5  9  J
 1.986760687  9  6  9  J
 2.010805887  9  5  9  J
 2.035034287  9  6  9  J
 2.073673887  9  6  8  J
 2.109150686  9  5  8  J
 2.142963886  9  6  8  J
 2.193152686  9  6  9  J
 2.234679085  9  6  9  j
 0.000000000  4  2  2  E
 0.008959000  4  3  2  E
 0.035932300  4  4  2  E
 0.071269200  4  4  3  E
 0.100486399  4  4  4  E
 0.119793099  4  5  4  E
 0.155649399  4  5  3  E
 0.191880499  4  5  4  E
 0.208685699  4  5  3  E
 0.232909599  4  5  2  E
 0.252851398  4  4  2  E
 0.264886498  4  4  3  E
 0.302362098  4  4  4  E
 0.339124798  4  4  3  E
 0.359590298  4  3  3  E
 0.406714897  4  3  2  E
 0.451189797  4  3  3  E
 0.466447797  4  4  3  E
 0.504649297  4  4  4  E
 0.515767497  4  4  5  E
 0.557140696  4  3  5  E
 0.599896396  4  4  5  E
 0.626021596  4  3  5  E
 0.676139696  4  2  5  E
 0.724243295  4  1  5  E
 0.757540895  4  1  4  E
 0.791383695  4  1  5  E
 0.811360795  4  1  4  E
 0.843905495  4  0  4  E
 0.878144894  4  1  4  E
 0.915566394  4  2  4  E
 0.959472094  4  3  4  E
 0.983748894  4  3  3  E
 1.014581493  4  3  4  E
 1.043664693  4  3  5  E
 1.055710993  4  3  6  E
 1.103372293  4  3  7  E
 1.143182493  4  4  7  E
 1.160741793  4  3  7  E
 1.190389292  4  3  6  E
 1.231313192  4  2  6  E
 1.257500392  4  3  6  E
 1.289349692  4  3  5  E
 1.330282091  4  4  5  E
 1.360704391  4  4  4  E
 1.389867691  4  4  3  E
 1.437458391  4  3  3  E
 1.471005190  4  3  4  E
 1.503781090  4  2  4  E
 1.530419190  4  2  5  E
 1.555993890  4  2  4  E
 1.604776490  4  2  5  E
 1.643652889  4  1  5  E
 1.680584489  4  0  5  E
 1.722439289  4  14  5  E
 1.755878689  4  14  6  E
 1.799886088  4  14  5  E
 1.841321988  4  14  6  E
 1.874770988  4  14  7  E
 1.885649288  4  14  8  E
 1.904864888  4  14  7  E
 1.940568587  4  13  7  E
 1.958226987  4  13  8  E
 1.982592287  4  13  9  E
 2.021917987  4  12  9  E
 2.046432087  4  12  10  E
 2.059012287  4  12  11  E
 2.079146886  4  12  12  E
 2.105441786  4  13  12  E
 2.142017486  4  13  11  E
 2.191814086  4  13  12  E
 2.212158886  4  13  13  E
 2.228066686  4  12  13  E
 2.263693885  4  11  13  E
 2.287050085  4  11  12  E
 2.299160085  4  11  13  E
 2.340609185  4  12  13  E
 2.390974984  4  12  14  E
 2.413945084  4  12  13  E
 2.429490084  4  12  12  E
 2.478952284  4  12  11  E
 2.501101784  4  13  11  E
 2.545988583  4  14  11  E
 2.592837983  4  14  10  E
 2.611870583  4  14  11  E
 2.653208683  4  13  11  E
 2.694286882  4  13  12  E
 0.000000000  10  9  5  K
 0.009840600  10  9  6  K
 0.028061300  10  9  7  K
 0.069158000  10  9  8  K
 0.095936800  10  10  8  K
 0.111286699  10  11  8  K
 0.158370799  10  10  8  K
 0.171059499  10  9  8  K
 0.199839099  10  8  8  K
 0.240470899  10  7  8  K
 0.280948398  10  7  7  K
 0.296295798  10  8  7  K
 0.326349398  10  9  7  K
 0.361088098  10  9  6  K
 0.374109998  10  8  6  K
 0.407719397  10  8  5  K
 0.453010397  10  8  4  K
 0.471244197  10  9  4  K
 0.511998997  10  10  4  K
 0.559887396  10  9  4  K
 0.595733696  10  8  4  K
 0.629665596  10  9  4  K
 0.650708896  10  8  4  K
 0.682428596  10  8  3  K
 0.732541795  10  8  4  K
 0.777710195  10  7  4  K
 0.788050695  10  7  3  K
 0.805950495  10  8  3  K
 0.816731395  10  9  3  K
 0.830241395  10  10  3  K
 0.867729794  10  11  3  K
 0.914131794  10  10  3  K
 0.942298294  10  10  4  K
 0.954114694  10  10  5  K
 0.992650194  10  10  4  K
 1.024617093  10  10  3  K
 1.049006593  10  10  4  K
 1.068017393  10  10  5  K
 1.111304593  10  11  5  K
 1.150514093  10  11  6  K
 1.163356092  10  11  7  K
 1.181453792  10  11  8  K
 1.226934992  10  10  8  K
 1.268211992  10  11  8  K
 1.318555891  10  11  7  K
 1.333599991  10  10  7  K
 1.358383991  10  11  7  K
 1.397073691  10  10  7  K
 1.431253491  10  10  6  K
 1.473931690  10  11  6  K
 1.522327090  10  12  6  K
 1.541710390  10  13  6  K
 1.560936390  10  14  6  K
 1.587486790  10  13  6  K
 1.603163090  10  13  7  K
 1.643528289  10  12  7  K
 1.673792289  10  11  7  K
 1.711124589  10  12  7  K
 1.728320889  10  13  7  K
 1.772274588  10  13  6  K
 1.788610588  10  13  7  K
 1.827296888  10  13  8  K
 1.844760388  10  13  7  K
 1.862633888  10  13  6  K
 1.906870188  10  12  6  K
 1.931868887  10  12  7  K
 1.945501887  10  12  8  K
 1.960195287  10  11  8  K
 1.984522287  10  11  7  K
 2.031851687  10  10  7  K
 2.068612587  10  10  8  K
 2.114881086  10  9  8  K
 2.127587586  10  8  8  K
 2.156166886  10  7  8  K
 2.173498386  10  7  9  K
 2.188081886  10  7  10  K
 2.210639286  10  6  10  K
 2.252086185  10  6  9  K
 2.531194584  10  6  10  K
 2.553484083  10  7  10  K
 2.585183483  10  6  10  K
 2.618825483  10  6  11  K
 2.630805683  10  7  11  K
 2.673421783  10  6  11  K
 2.698944582  10  6  10  K
 2.738497582  10  5  10  K
 2.780083582  10  4  10  K
 2.802576182  10  5  10  K
 2.840109281  10  4  10  K
