-1  15  15  15
 0.000000000  14  14  14  O
 0.004465800  14  14  13  O
 0.036916501  14  14  12  O
 0.000000000  1  1  1  B
 0.002807600  1  0  1  B
 0.020435800  1  14  1  B
 0.041011601  1  13  1  B
 0.061091702  1  12  1  B
 0.000000000  10  10  10  K
 0.004057000  10  10  9  K
 0.056142201  10  10  8  K
 0.070400802  10  10  7  K
 0.085432702  10  10  6  K
 0.000000000  13  13  13  N
 0.004341700  13  12  13  N
 0.021870900  13  11  13  N
 0.062084802  13  10  13  N
 0.094560303  13  9  13  N
 0.114947203  13  8  13  N
 0.000000000  9  9  9  J
 0.003921900  9  10  9  J
 0.038415201  9  11  9  J
 0.056075501  9  12  9  J
 0.106089103  9  13  9  J
 0.000000000  0  0  0  A
 0.002636900  0  0  14  A
 0.044440601  0  0  13  A
 0.075108602  0  0  12  A
 0.086681702  0  0  11  A
 0.101937803  0  0  10  A
 0.000000000  11  11  11  L
 0.004188000  11  12  11  L
 0.054725201  11  13  11  L
 0.074138902  11  14  11  L
 0.099970303  11  0  11  L
 0.000000000  8  8  8  I
 0.003768700  8  8  7  I
 0.034796601  8  8  6  I
 0.065062002  8  8  5  I
 0.094560303  8  8  4  I
 0.119820404  8  8  3  I
 0.000000000  7  7  7  H
 0.003625400  7  8  7  H
 0.023311800  7  9  7  H
 0.034717501  7  10  7  H
 0.064972902  7  11  7  H
 0.085370702  7  12  7  H
 0.126981804  7  13  7  H
 0.000000000  5  5  5  F
 0.003413300  5  4  5  F
 0.015374800  5  3  5  F
 0.050191601  5  2  5  F
 0.098395603  5  1  5  F
 0.117534603  5  0  5  F
 0.150577305  5  14  5  F
 0.000000000  12  12  12  M
 0.004262600  12  12  13  M
 0.062160702  12  12  14  M
 0.091731103  12  12  0  M
 0.104080903  12  12  1  M
 0.114917303  12  12  2  M
 0.144191104  12  12  3  M
 0.159991905  12  12  4  M
 0.189268706  12  12  5  M
 0.203508606  12  12  6  M
 0.000000000  6  6  6  G
 0.003500300  6  6  5  G
 0.018640800  6  6  4  G
 0.044436901  6  6  3  G
 0.085305602  6  6  2  G
 0.096939303  6  6  1  G
 0.137708504  6  6  0  G
 0.178377006  6  6  14  G
 0.207928406  6  6  13  G
 0.000000000  4  4  4  E
 0.003273900  4  4  5  E
 0.050266101  4  4  6  E
 0.075300002  4  4  7  E
 0.124535004  4  4  8  E
 0.144511904  4  4  9  E
 0.190958706  4  4  10  E
 0.224562407  4  4  11  E
 0.244808608  4  4  12  E
 0.256088908  4  4  13  E
 0.275427509  4  4  14  E
 0.000000000  2  2  2  C
 0.002969800  2  2  3  C
 0.038834801  2  2  4  C
 0.082763102  2  2  5  C
 0.117628803  2  2  6  C
 0.151627005  2  2  7  C
 0.192851506  2  2  8  C
 0.230752107  2  2  9  C
 0.251765108  2  2  10  C
 0.293454609  2  2  11  C
 0.000000000  3  3  3  D
 0.003138300  3  4  3  D
 0.050493901  3  5  3  D
 0.089041303  3  6  3  D
 0.137531604  3  7  3  D
 0.178138705  3  8  3  D
 0.204483306  3  9  3  D
 0.218692007  3  10  3  D
 0.233242407  3  11  3  D
 0.282463609  3  12  3  D
