-1 15 15 15
0.000254 11 11 11 L
0.014970 11 12 11 L
0.058355 11 13 11 L
0.069651 11 14 11 L
0.127341 11 0 11 L
0.167020 11 1 11 L
0.211241 11 2 11 L
0.245465 11 3 11 L
0.262897 11 4 11 L
0.278555 11 5 11 L
0.291423 11 6 11 L
0.305611 11 7 11 L
0.332936 11 8 11 L
0.368395 11 9 11 L
0.416952 11 10 11 L
0.434989 11 11 11 L
0.476565 11 12 11 L
0.508795 11 13 11 L
0.557793 11 14 11 L
0.000270 10 10 10 K
0.048032 10 10 9 K
0.096014 10 10 8 K
0.115122 10 10 7 K
0.165155 10 10 6 K
0.189345 10 10 5 K
0.203206 10 10 4 K
0.215756 10 10 3 K
0.232987 10 10 2 K
0.282227 10 10 1 K
0.314866 10 10 0 K
0.346705 10 10 14 K
0.390031 10 10 13 K
0.403599 10 10 12 K
0.434999 10 10 11 K
0.485602 10 10 10 K
0.524584 10 10 9 K
0.554298 10 10 8 K
0.574295 10 10 7 K
0.604845 10 10 6 K
0.655242 10 10 5 K
0.684048 10 10 4 K
0.725762 10 10 3 K
0.743383 10 10 2 K
0.766003 10 10 1 K
0.785892 10 10 0 K
0.824311 10 10 14 K
0.846604 10 10 13 K
0.880058 10 10 12 K
0.900404 10 10 11 K
0.922341 10 10 10 K
0.938143 10 10 9 K
0.981640 10 10 8 K
1.018603 10 10 7 K
1.050538 10 10 6 K
1.080745 10 10 5 K
1.122659 10 10 4 K
1.168202 10 10 3 K
1.200186 10 10 2 K
1.223440 10 10 1 K
1.267616 10 10 0 K
1.282146 10 10 14 K
1.312316 10 10 13 K
0.000269 4 4 4 E
0.073980 4 4 3 E
0.107547 4 4 2 E
0.146372 4 4 1 E
0.185330 4 4 0 E
0.217723 4 4 14 E
0.231621 4 4 13 E
0.254743 4 4 12 E
0.298293 4 4 11 E
0.321648 4 4 10 E
0.346938 4 4 9 E
0.385071 4 4 8 E
0.429005 4 4 7 E
0.473888 4 4 6 E
0.493621 4 4 5 E
0.540435 4 4 4 E
0.562334 4 4 3 E
0.605923 4 4 2 E
0.657767 4 4 1 E
0.679986 4 4 0 E
0.705759 4 4 14 E
0.752518 4 4 13 E
0.789815 4 4 12 E
0.815734 4 4 11 E
0.826520 4 4 10 E
0.869250 4 4 9 E
0.906500 4 4 8 E
0.923911 4 4 7 E
0.951663 4 4 6 E
0.964671 4 4 5 E
0.993788 4 4 4 E
1.034623 4 4 3 E
1.068682 4 4 2 E
1.114300 4 4 1 E
1.160000 4 4 0 E
1.200171 4 4 14 E
1.228343 4 4 13 E
1.264640 4 4 12 E
1.287388 4 4 11 E
1.302095 4 4 10 E
1.356337 4 4 9 E
1.371526 4 4 8 E
0.000265 6 6 6 G
0.036203 6 6 5 G
0.058451 6 6 4 G
0.094404 6 6 3 G
0.105870 6 6 2 G
0.118512 6 6 1 G
0.131441 6 6 0 G
0.143768 6 6 14 G
0.241126 6 6 13 G
0.276909 6 6 12 G
0.323293 6 6 11 G
0.370310 6 6 10 G
0.420795 6 6 9 G
0.449569 6 6 8 G
0.476337 6 6 7 G
0.497447 6 6 6 G
0.547577 6 6 5 G
0.586727 6 6 4 G
0.600738 6 6 3 G
0.618632 6 6 2 G
0.636509 6 6 1 G
0.682687 6 6 0 G
0.716997 6 6 14 G
0.740659 6 6 13 G
0.766009 6 6 12 G
0.789830 6 6 11 G
0.800409 6 6 10 G
0.850166 6 6 9 G
0.861294 6 6 8 G
0.898916 6 6 7 G
0.910285 6 6 6 G
0.942226 6 6 5 G
0.960912 6 6 4 G
0.981656 6 6 3 G
0.995536 6 6 2 G
1.034235 6 6 1 G
1.082164 6 6 0 G
1.122945 6 6 14 G
1.140443 6 6 13 G
1.185904 6 6 12 G
1.231733 6 6 11 G
1.267597 6 6 10 G
1.285314 6 6 9 G
1.303802 6 6 8 G
1.327338 6 6 7 G
1.349134 6 6 6 G
1.396067 6 6 5 G
1.420032 6 6 4 G
0.000262 7 7 7 H
0.027407 7 8 7 H
0.045097 7 9 7 H
0.074090 7 10 7 H
0.115112 7 11 7 H
0.154254 7 12 7 H
0.173262 7 13 7 H
0.203676 7 14 7 H
0.256570 7 0 7 H
0.300560 7 1 7 H
0.318645 7 2 7 H
0.352797 7 3 7 H
0.375125 7 4 7 H
0.406243 7 5 7 H
0.427005 7 6 7 H
0.456075 7 7 7 H
0.504835 7 8 7 H
0.532371 7 9 7 H
0.604848 7 10 7 H
0.641543 7 11 7 H
0.678275 7 12 7 H
0.708609 7 13 7 H
0.733720 7 14 7 H
0.749548 7 0 7 H
0.794816 7 1 7 H
0.838062 7 2 7 H
0.883716 7 3 7 H
0.912543 7 4 7 H
0.923908 7 5 7 H
0.956136 7 6 7 H
0.995543 7 7 7 H
1.044163 7 8 7 H
1.076010 7 9 7 H
1.092603 7 10 7 H
1.117788 7 11 7 H
1.129188 7 12 7 H
1.166477 7 13 7 H
1.186226 7 14 7 H
1.220717 7 0 7 H
1.244640 7 1 7 H
1.260678 7 2 7 H
1.287404 7 3 7 H
1.317363 7 4 7 H
1.347786 7 5 7 H
1.373743 7 6 7 H
1.397718 7 7 7 H
1.456036 7 8 7 H
1.482780 7 9 7 H
0.000260 5 5 5 F
0.023614 5 4 5 F
0.052236 5 3 5 F
0.086943 5 2 5 F
0.115349 5 1 5 F
0.152599 5 0 5 F
0.195719 5 14 5 F
0.245694 5 13 5 F
0.294609 5 12 5 F
0.324940 5 11 5 F
0.366733 5 10 5 F
0.385537 5 9 5 F
0.426549 5 8 5 F
0.452762 5 7 5 F
0.495429 5 6 5 F
0.508788 5 5 5 F
0.540441 5 4 5 F
0.585435 5 3 5 F
0.609997 5 2 5 F
0.630647 5 1 5 F
0.671621 5 0 5 F
0.692001 5 14 5 F
0.728189 5 13 5 F
0.748058 5 12 5 F
0.770248 5 11 5 F
0.792705 5 10 5 F
0.829517 5 9 5 F
0.866067 5 8 5 F
0.878267 5 7 5 F
0.896481 5 6 5 F
0.922336 5 5 5 F
0.993800 5 4 5 F
1.044175 5 3 5 F
1.087061 5 2 5 F
1.103840 5 1 5 F
1.122770 5 0 5 F
1.166492 5 14 5 F
1.213493 5 13 5 F
1.276778 5 12 5 F
1.307514 5 11 5 F
1.345223 5 10 5 F
1.390699 5 9 5 F
1.425438 5 8 5 F
1.462633 5 7 5 F
1.487063 5 6 5 F
1.509714 5 5 5 F
1.522324 5 4 5 F
1.565052 5 3 5 F
0.000267 3 3 3 D
0.034886 3 4 3 D
0.073974 3 5 3 D
0.120506 3 6 3 D
0.170124 3 7 3 D
0.206605 3 8 3 D
0.231388 3 9 3 D
0.256838 3 10 3 D
0.300323 3 11 3 D
0.321163 3 12 3 D
0.352556 3 13 3 D
0.445078 3 14 3 D
0.476577 3 0 3 D
0.523278 3 1 3 D
0.568900 3 2 3 D
0.608294 3 3 3 D
0.627589 3 4 3 D
0.676706 3 5 3 D
0.715606 3 6 3 D
0.738911 3 7 3 D
0.785381 3 8 3 D
0.832020 3 9 3 D
0.869497 3 10 3 D
0.880066 3 11 3 D
0.928458 3 12 3 D
0.970625 3 13 3 D
0.993580 3 14 3 D
1.039892 3 0 3 D
1.068674 3 1 3 D
1.088919 3 2 3 D
1.112560 3 3 3 D
1.129195 3 4 3 D
1.155898 3 5 3 D
1.194947 3 6 3 D
1.238731 3 7 3 D
1.258687 3 8 3 D
1.278890 3 9 3 D
1.300115 3 10 3 D
1.326520 3 11 3 D
1.357643 3 12 3 D
1.378252 3 13 3 D
1.423901 3 14 3 D
1.441024 3 0 3 D
1.488774 3 1 3 D
1.547760 3 2 3 D
1.582210 3 3 3 D
1.611752 3 4 3 D
1.653210 3 5 3 D
0.000263 2 2 2 C
0.086764 2 2 1 C
0.127714 2 2 0 C
0.163380 2 2 14 C
0.179443 2 2 13 C
0.210997 2 2 12 C
0.245474 2 2 11 C
0.287002 2 2 10 C
0.334549 2 2 9 C
0.348846 2 2 8 C
0.375365 2 2 7 C
0.401935 2 2 6 C
0.422180 2 2 5 C
0.467091 2 2 4 C
0.490210 2 2 3 C
0.523507 2 2 2 C
0.551966 2 2 1 C
0.602289 2 2 0 C
0.650785 2 2 14 C
0.697000 2 2 13 C
0.724163 2 2 12 C
0.746448 2 2 11 C
0.757681 2 2 10 C
0.779991 2 2 9 C
0.826284 2 2 8 C
0.883727 2 2 7 C
0.916239 2 2 6 C
0.948964 2 2 5 C
0.978261 2 2 4 C
0.989381 2 2 3 C
1.005893 2 2 2 C
1.018885 2 2 1 C
1.030399 2 2 0 C
1.052351 2 2 14 C
1.095662 2 2 13 C
1.133662 2 2 12 C
1.180912 2 2 11 C
1.200441 2 2 10 C
1.278878 2 2 9 C
1.309398 2 2 8 C
1.358747 2 2 7 C
1.396071 2 2 6 C
1.441018 2 2 5 C
1.468431 2 2 4 C
1.512805 2 2 3 C
1.547748 2 2 2 C
1.582088 2 2 1 C
1.621582 2 2 0 C
1.638480 2 2 14 C
1.663707 2 2 13 C
1.702228 2 2 12 C
1.744151 2 2 11 C
0.000259 0 0 0 A
0.014926 0 0 14 A
0.026262 0 0 13 A
0.040692 0 0 12 A
0.076760 0 0 11 A
0.127329 0 0 10 A
0.142208 0 0 9 A
0.165366 0 0 8 A
0.210984 0 0 7 A
0.256559 0 0 6 A
0.296314 0 0 5 A
0.309552 0 0 4 A
0.320673 0 0 3 A
0.343502 0 0 2 A
0.390194 0 0 1 A
0.407631 0 0 0 A
0.436629 0 0 14 A
0.461706 0 0 13 A
0.485373 0 0 12 A
0.534748 0 0 11 A
0.567760 0 0 10 A
0.608373 0 0 9 A
0.621153 0 0 8 A
0.641547 0 0 7 A
0.673952 0 0 6 A
0.715514 0 0 5 A
0.744687 0 0 4 A
0.783904 0 0 3 A
0.829500 0 0 2 A
0.860831 0 0 1 A
0.881789 0 0 0 A
0.906491 0 0 14 A
0.935429 0 0 13 A
0.984514 0 0 12 A
1.019989 0 0 11 A
1.059176 0 0 10 A
1.082392 0 0 9 A
1.117784 0 0 8 A
1.129308 0 0 7 A
1.178809 0 0 6 A
1.211514 0 0 5 A
1.226372 0 0 4 A
1.276274 0 0 3 A
1.309411 0 0 2 A
1.332281 0 0 1 A
1.361922 0 0 0 A
1.410644 0 0 14 A
1.440918 0 0 13 A
1.489047 0 0 12 A
1.532033 0 0 11 A
1.567629 0 0 10 A
1.593335 0 0 9 A
1.640160 0 0 8 A
1.663442 0 0 7 A
1.691654 0 0 6 A
1.708417 0 0 5 A
1.758224 0 0 4 A
1.787065 0 0 3 A
1.812863 0 0 2 A
1.843876 0 0 1 A
1.860322 0 0 0 A
1.886668 0 0 14 A
1.905335 0 0 13 A
1.934064 0 0 12 A
1.972148 0 0 11 A
0.000257 8 8 8 I
0.049416 8 8 7 I
0.064211 8 8 6 I
0.088783 8 8 5 I
0.124020 8 8 4 I
0.157677 8 8 3 I
0.192498 8 8 2 I
0.223565 8 8 1 I
0.273968 8 8 0 I
0.314392 8 8 14 I
0.350795 8 8 13 I
0.373210 8 8 12 I
0.387080 8 8 11 I
0.436617 8 8 10 I
0.483588 8 8 9 I
0.519070 8 8 8 I
0.532376 8 8 7 I
0.558996 8 8 6 I
0.593625 8 8 5 I
0.608290 8 8 4 I
0.625969 8 8 3 I
0.643313 8 8 2 I
0.685763 8 8 1 I
0.735257 8 8 0 I
0.752681 8 8 14 I
0.792690 8 8 13 I
0.824319 8 8 12 I
0.867501 8 8 11 I
0.903842 8 8 10 I
0.949086 8 8 9 I
0.976784 8 8 8 I
1.002906 8 8 7 I
1.044152 8 8 6 I
1.079045 8 8 5 I
1.102335 8 8 4 I
1.133654 8 8 3 I
1.150937 8 8 2 I
1.181432 8 8 1 I
1.213239 8 8 0 I
1.235474 8 8 14 I
1.258695 8 8 13 I
1.274522 8 8 12 I
1.310908 8 8 11 I
1.323700 8 8 10 I
1.349240 8 8 9 I
1.373740 8 8 8 I
1.406144 8 8 7 I
1.456030 8 8 6 I
1.504669 8 8 5 I
1.520155 8 8 4 I
1.544809 8 8 3 I
1.591885 8 8 2 I
1.628806 8 8 1 I
1.663426 8 8 0 I
1.677109 8 8 14 I
1.721395 8 8 13 I
1.762170 8 8 12 I
1.778378 8 8 11 I
1.809925 8 8 10 I
1.856430 8 8 9 I
1.884172 8 8 8 I
1.917863 8 8 7 I
1.962757 8 8 6 I
1.998007 8 8 5 I
2.019127 8 8 4 I
2.048922 8 8 3 I
2.061604 8 8 2 I
2.092831 8 8 1 I
2.119570 8 8 0 I
2.168437 8 8 14 I
2.182116 8 8 13 I
0.000274 12 12 12 M
0.058358 12 12 11 M
0.098083 12 12 10 M
0.142432 12 12 9 M
0.165137 12 12 8 M
0.201207 12 12 7 M
0.233227 12 12 6 M
0.270141 12 12 5 M
0.284245 12 12 4 M
0.305429 12 12 3 M
0.321154 12 12 2 M
0.365000 12 12 1 M
0.409321 12 12 0 M
0.443697 12 12 14 M
0.480165 12 12 13 M
0.504821 12 12 12 M
0.540446 12 12 11 M
0.575501 12 12 10 M
0.637810 12 12 9 M
0.664638 12 12 8 M
0.713078 12 12 7 M
0.761521 12 12 6 M
0.787437 12 12 5 M
0.802309 12 12 4 M
0.838308 12 12 3 M
0.878252 12 12 2 M
0.892500 12 12 1 M
0.905130 12 12 0 M
0.923814 12 12 14 M
0.949088 12 12 13 M
0.993567 12 12 12 M
1.039877 12 12 11 M
1.068679 12 12 10 M
1.119395 12 12 9 M
1.159984 12 12 8 M
1.193319 12 12 7 M
1.219061 12 12 6 M
1.232022 12 12 5 M
1.276766 12 12 4 M
1.323443 12 12 3 M
1.339819 12 12 2 M
1.377129 12 12 1 M
1.421580 12 12 0 M
1.456275 12 12 14 M
1.506666 12 12 13 M
1.540928 12 12 12 M
1.589141 12 12 11 M
1.623113 12 12 10 M
1.668469 12 12 9 M
1.694587 12 12 8 M
1.732909 12 12 7 M
1.783181 12 12 6 M
1.795850 12 12 5 M
1.832852 12 12 4 M
1.857222 12 12 3 M
1.903109 12 12 2 M
1.936442 12 12 1 M
1.964505 12 12 0 M
1.986700 12 12 14 M
2.005322 12 12 13 M
2.021950 12 12 12 M
2.070636 12 12 11 M
2.086300 12 12 10 M
2.099662 12 12 9 M
2.121631 12 12 8 M
2.172324 12 12 7 M
2.209131 12 12 6 M
2.247503 12 12 5 M
2.285324 12 12 4 M
2.299651 12 12 3 M
2.339527 12 12 2 M
0.000234 14 14 14 O
0.014892 14 14 13 O
0.045002 14 14 12 O
0.127347 14 14 11 O
0.173275 14 14 10 O
0.199556 14 14 9 O
0.211228 14 14 8 O
0.256576 14 14 7 O
0.305412 14 14 6 O
0.331265 14 14 5 O
0.378965 14 14 4 O
0.396757 14 14 3 O
0.445064 14 14 2 O
0.463618 14 14 1 O
0.492148 14 14 0 O
0.530744 14 14 14 O
0.563900 14 14 13 O
0.587973 14 14 12 O
0.613204 14 14 11 O
0.656529 14 14 10 O
0.721857 14 14 9 O
0.740774 14 14 8 O
0.774511 14 14 7 O
0.787706 14 14 6 O
0.808675 14 14 5 O
0.829528 14 14 4 O
0.842089 14 14 3 O
0.887878 14 14 2 O
0.942222 14 14 1 O
0.984507 14 14 0 O
1.004238 14 14 14 O
1.038171 14 14 13 O
1.088805 14 14 12 O
1.105381 14 14 11 O
1.156216 14 14 10 O
1.193588 14 14 9 O
1.228078 14 14 8 O
1.253601 14 14 7 O
1.293642 14 14 6 O
1.327082 14 14 5 O
1.366213 14 14 4 O
1.380429 14 14 3 O
1.423898 14 14 2 O
1.450806 14 14 1 O
1.477371 14 14 0 O
1.518138 14 14 14 O
1.546340 14 14 13 O
1.586364 14 14 12 O
1.601949 14 14 11 O
1.648826 14 14 10 O
1.681337 14 14 9 O
1.724269 14 14 8 O
1.744429 14 14 7 O
1.774946 14 14 6 O
1.802694 14 14 5 O
1.850319 14 14 4 O
1.883945 14 14 3 O
1.903642 14 14 2 O
1.941328 14 14 1 O
1.953377 14 14 0 O
1.969418 14 14 14 O
1.992349 14 14 13 O
2.019385 14 14 12 O
2.058265 14 14 11 O
2.082568 14 14 10 O
2.102853 14 14 9 O
2.134993 14 14 8 O
2.159024 14 14 7 O
2.203197 14 14 6 O
2.214639 14 14 5 O
2.233345 14 14 4 O
2.251397 14 14 3 O
2.274705 14 14 2 O
2.301534 14 14 1 O
2.322092 14 14 0 O
2.353840 14 14 14 O
0.000268 1 1 1 B
0.040778 1 2 1 B
0.086755 1 3 1 B
0.098097 1 4 1 B
0.124033 1 5 1 B
0.170368 1 6 1 B
0.215290 1 7 1 B
0.273979 1 8 1 B
0.320686 1 9 1 B
0.370065 1 10 1 B
0.420552 1 11 1 B
0.456068 1 12 1 B
0.478484 1 13 1 B
0.499101 1 14 1 B
0.518927 1 0 1 B
0.544090 1 1 1 B
0.602293 1 2 1 B
0.613399 1 3 1 B
0.630643 1 4 1 B
0.657763 1 5 1 B
0.705754 1 6 1 B
0.733831 1 7 1 B
0.765987 1 8 1 B
0.781709 1 9 1 B
0.817253 1 10 1 B
0.840393 1 11 1 B
0.864030 1 12 1 B
0.878273 1 13 1 B
0.907705 1 14 1 B
0.942219 1 0 1 B
0.989594 1 1 1 B
1.030412 1 2 1 B
1.052338 1 3 1 B
1.080628 1 4 1 B
1.114296 1 5 1 B
1.131868 1 6 1 B
1.152638 1 7 1 B
1.213250 1 8 1 B
1.244655 1 9 1 B
1.267626 1 10 1 B
1.307762 1 11 1 B
1.354954 1 12 1 B
1.377126 1 13 1 B
1.392129 1 14 1 B
1.418482 1 0 1 B
1.450812 1 1 1 B
1.499794 1 2 1 B
1.536402 1 3 1 B
1.578341 1 4 1 B
1.605665 1 5 1 B
1.651226 1 6 1 B
1.698422 1 7 1 B
1.719695 1 8 1 B
1.749272 1 9 1 B
1.781397 1 10 1 B
1.797195 1 11 1 B
1.826743 1 12 1 B
1.876759 1 13 1 B
1.899763 1 14 1 B
1.934225 1 0 1 B
1.946496 1 1 1 B
1.979143 1 2 1 B
2.013622 1 3 1 B
2.044726 1 4 1 B
2.091179 1 5 1 B
2.135016 1 6 1 B
2.152867 1 7 1 B
2.177219 1 8 1 B
2.216125 1 9 1 B
2.265647 1 10 1 B
2.299666 1 11 1 B
2.326733 1 12 1 B
2.342358 1 13 1 B
2.357184 1 14 1 B
2.383809 1 0 1 B
0.000273 13 13 13 N
0.028621 13 12 13 N
0.062642 13 11 13 N
0.078521 13 10 13 N
0.094625 13 9 13 N
0.135463 13 8 13 N
0.177459 13 7 13 N
0.192484 13 6 13 N
0.241116 13 5 13 N
0.266963 13 4 13 N
0.296522 13 3 13 N
0.324927 13 2 13 N
0.341766 13 1 13 N
0.380808 13 0 13 N
0.393674 13 14 13 N
0.426562 13 13 13 N
0.455831 13 12 13 N
0.480155 13 11 13 N
0.511158 13 10 13 N
0.556568 13 9 13 N
0.583130 13 8 13 N
0.618535 13 7 13 N
0.644959 13 6 13 N
0.694361 13 5 13 N
0.731977 13 4 13 N
0.752511 13 3 13 N
0.774526 13 2 13 N
0.806567 13 1 13 N
0.824029 13 0 13 N
0.864047 13 14 13 N
0.895214 13 13 13 N
0.906508 13 12 13 N
0.948957 13 11 13 N
0.976562 13 10 13 N
1.026377 13 9 13 N
1.038155 13 8 13 N
1.082170 13 7 13 N
1.109344 13 6 13 N
1.131860 13 5 13 N
1.175097 13 4 13 N
1.203606 13 3 13 N
1.226364 13 2 13 N
1.248231 13 1 13 N
1.264365 13 0 13 N
1.295338 13 14 13 N
1.329620 13 13 13 N
1.371556 13 12 13 N
1.407764 13 11 13 N
1.457537 13 10 13 N
1.490415 13 9 13 N
1.530259 13 8 13 N
1.563651 13 7 13 N
1.609997 13 6 13 N
1.652968 13 5 13 N
1.677100 13 4 13 N
1.689455 13 3 13 N
1.702390 13 2 13 N
1.742049 13 1 13 N
1.783447 13 0 13 N
1.829599 13 14 13 N
1.842190 13 13 13 N
1.883932 13 12 13 N
1.896897 13 11 13 N
1.914132 13 10 13 N
1.939776 13 9 13 N
1.985422 13 8 13 N
1.998259 13 7 13 N
2.023631 13 6 13 N
2.048656 13 5 13 N
2.059927 13 4 13 N
2.091431 13 3 13 N
2.120084 13 2 13 N
2.143496 13 1 13 N
2.155922 13 0 13 N
2.193988 13 14 13 N
2.240587 13 13 13 N
2.268444 13 12 13 N
2.281128 13 11 13 N
2.309248 13 10 13 N
2.356693 13 9 13 N
2.371692 13 8 13 N
2.394720 13 7 13 N
2.431808 13 6 13 N
2.469784 13 5 13 N
2.497770 13 4 13 N
2.523122 13 3 13 N
0.000272 9 9 9 J
0.016133 9 10 9 J
0.028617 9 11 9 J
0.062647 9 12 9 J
0.083544 9 13 9 J
0.103121 9 14 9 J
0.165375 9 0 9 J
0.179677 9 1 9 J
0.192508 9 2 9 J
0.239253 9 3 9 J
0.280204 9 4 9 J
0.326616 9 5 9 J
0.357014 9 6 9 J
0.407857 9 7 9 J
0.439694 9 8 9 J
0.483579 9 9 9 J
0.554301 9 10 9 J
0.577965 9 11 9 J
0.604766 9 12 9 J
0.637807 9 13 9 J
0.672802 9 14 9 J
0.721853 9 0 9 J
0.743389 9 1 9 J
0.757693 9 2 9 J
0.779977 9 3 9 J
0.800152 9 4 9 J
0.846619 9 5 9 J
0.864577 9 6 9 J
0.898910 9 7 9 J
0.914889 9 8 9 J
0.949081 9 9 9 J
0.981663 9 10 9 J
1.016925 9 11 9 J
1.066954 9 12 9 J
1.098535 9 13 9 J
1.149230 9 14 9 J
1.193577 9 0 9 J
1.219328 9 1 9 J
1.233363 9 2 9 J
1.278866 9 3 9 J
1.312552 9 4 9 J
1.356332 9 5 9 J
1.404915 9 6 9 J
1.429084 9 7 9 J
1.477640 9 8 9 J
1.506950 9 9 9 J
1.530274 9 10 9 J
1.563643 9 11 9 J
1.576570 9 12 9 J
1.617041 9 13 9 J
1.644126 9 14 9 J
1.663694 9 0 9 J
1.694578 9 1 9 J
1.712364 9 2 9 J
1.729584 9 3 9 J
1.760339 9 4 9 J
1.778652 9 5 9 J
1.809662 9 6 9 J
1.856968 9 7 9 J
1.905863 9 8 9 J
1.934234 9 9 9 J
1.983844 9 10 9 J
2.025652 9 11 9 J
2.044954 9 12 9 J
2.061589 9 13 9 J
2.135004 9 14 9 J
2.159052 9 0 9 J
2.196938 9 1 9 J
2.213266 9 2 9 J
2.262320 9 3 9 J
2.307806 9 4 9 J
2.330675 9 5 9 J
2.371723 9 6 9 J
2.405721 9 7 9 J
2.447967 9 8 9 J
2.465734 9 9 9 J
2.477702 9 10 9 J
2.494615 9 11 9 J
2.505751 9 12 9 J
2.553792 9 13 9 J
2.575134 9 14 9 J
2.600028 9 0 9 J
2.628387 9 1 9 J
2.648951 9 2 9 J
2.685395 9 3 9 J
