-1 15 15 15
0.000310 11 11 11 L
0.019488 11 12 11 L
0.032845 11 13 11 L
0.062933 11 14 11 L
0.107213 11 0 11 L
0.151187 11 1 11 L
0.182918 11 2 11 L
0.196935 11 3 11 L
0.242918 11 4 11 L
0.285542 11 5 11 L
0.305512 11 6 11 L
0.342204 11 7 11 L
0.356731 11 8 11 L
0.385045 11 9 11 L
0.422983 11 10 11 L
0.439196 11 11 11 L
0.473884 11 12 11 L
0.000314 1 1 1 B
0.025848 1 2 1 B
0.046113 1 3 1 B
0.089560 1 4 1 B
0.125453 1 5 1 B
0.145049 1 6 1 B
0.169337 1 7 1 B
0.199220 1 8 1 B
0.242823 1 9 1 B
0.287030 1 10 1 B
0.312867 1 11 1 B
0.329098 1 12 1 B
0.378689 1 13 1 B
0.419630 1 14 1 B
0.488297 1 0 1 B
0.511886 1 1 1 B
0.536612 1 2 1 B
0.567898 1 3 1 B
0.612246 1 4 1 B
0.638797 1 5 1 B
0.000311 10 10 10 K
0.027141 10 10 11 K
0.044470 10 10 12 K
0.064373 10 10 13 K
0.079535 10 10 14 K
0.128293 10 10 0 K
0.150140 10 10 1 K
0.186470 10 10 2 K
0.230882 10 10 3 K
0.269346 10 10 4 K
0.301634 10 10 5 K
0.349607 10 10 6 K
0.372474 10 10 7 K
0.401304 10 10 8 K
0.415441 10 10 9 K
0.464693 10 10 10 K
0.503766 10 10 11 K
0.543868 10 10 12 K
0.589481 10 10 13 K
0.620537 10 10 14 K
0.636613 10 10 0 K
0.671972 10 10 1 K
0.704117 10 10 2 K
0.733010 10 10 3 K
0.754514 10 10 4 K
0.801984 10 10 5 K
0.000316 7 7 7 H
0.046047 7 8 7 H
0.077667 7 9 7 H
0.106702 7 10 7 H
0.153603 7 11 7 H
0.185327 7 12 7 H
0.213794 7 13 7 H
0.228277 7 14 7 H
0.274899 7 0 7 H
0.314108 7 1 7 H
0.349439 7 2 7 H
0.361401 7 3 7 H
0.409939 7 4 7 H
0.454564 7 5 7 H
0.494473 7 6 7 H
0.522661 7 7 7 H
0.570755 7 8 7 H
0.597983 7 9 7 H
0.627191 7 10 7 H
0.663359 7 11 7 H
0.708791 7 12 7 H
0.736235 7 13 7 H
0.781574 7 14 7 H
0.819679 7 0 7 H
0.844489 7 1 7 H
0.875952 7 2 7 H
0.892522 7 3 7 H
0.904661 7 4 7 H
0.922285 7 5 7 H
0.968343 7 6 7 H
0.000310 3 3 3 D
0.058887 3 4 3 D
0.072064 3 5 3 D
0.138521 3 6 3 D
0.150045 3 7 3 D
0.200382 3 8 3 D
0.228426 3 9 3 D
0.277860 3 10 3 D
0.317321 3 11 3 D
0.333718 3 12 3 D
0.351403 3 13 3 D
0.378681 3 14 3 D
0.393228 3 0 3 D
0.413445 3 1 3 D
0.464555 3 2 3 D
0.503486 3 3 3 D
0.518624 3 4 3 D
0.555429 3 5 3 D
0.582713 3 6 3 D
0.605956 3 7 3 D
0.618683 3 8 3 D
0.666560 3 9 3 D
0.689041 3 10 3 D
0.721976 3 11 3 D
0.767567 3 12 3 D
0.798469 3 13 3 D
0.842036 3 14 3 D
0.883703 3 0 3 D
0.918770 3 1 3 D
0.939244 3 2 3 D
0.966868 3 3 3 D
1.013523 3 4 3 D
0.000313 9 9 9 J
0.064371 9 8 9 J
0.086471 9 7 9 J
0.111409 9 6 9 J
0.136855 9 5 9 J
0.160243 9 4 9 J
0.208130 9 3 9 J
0.241130 9 2 9 J
0.279437 9 1 9 J
0.321226 9 0 9 J
0.352678 9 14 9 J
0.378950 9 13 9 J
0.424669 9 12 9 J
0.454550 9 11 9 J
0.485028 9 10 9 J
0.528237 9 9 9 J
0.565796 9 8 9 J
0.589720 9 7 9 J
0.603700 9 6 9 J
0.636158 9 5 9 J
0.677131 9 4 9 J
0.726290 9 3 9 J
0.740734 9 2 9 J
0.777071 9 1 9 J
0.825224 9 0 9 J
0.872384 9 14 9 J
0.898717 9 13 9 J
0.942062 9 12 9 J
0.978854 9 11 9 J
0.995059 9 10 9 J
1.033731 9 9 9 J
1.081996 9 8 9 J
1.129431 9 7 9 J
1.142322 9 6 9 J
1.178383 9 5 9 J
1.224897 9 4 9 J
1.276325 9 3 9 J
1.306291 9 2 9 J
1.339083 9 1 9 J
1.370772 9 0 9 J
1.383315 9 14 9 J
1.428826 9 13 9 J
0.000293 14 14 14 O
0.034170 14 14 0 O
0.074533 14 14 1 O
0.097057 14 14 2 O
0.143493 14 14 3 O
0.163716 14 14 4 O
0.181651 14 14 5 O
0.218395 14 14 6 O
0.274903 14 14 7 O
0.293036 14 14 8 O
0.307067 14 14 9 O
0.340109 14 14 10 O
0.372321 14 14 11 O
0.385212 14 14 12 O
0.426218 14 14 13 O
0.464568 14 14 14 O
0.490398 14 14 0 O
0.528222 14 14 1 O
0.539449 14 14 2 O
0.582698 14 14 3 O
0.593408 14 14 4 O
0.609901 14 14 5 O
0.648577 14 14 6 O
0.683085 14 14 7 O
0.700796 14 14 8 O
0.749122 14 14 9 O
0.783174 14 14 10 O
0.803372 14 14 11 O
0.826470 14 14 12 O
0.874763 14 14 13 O
0.889057 14 14 14 O
0.901266 14 14 0 O
0.925069 14 14 1 O
0.950011 14 14 2 O
0.973771 14 14 3 O
0.985345 14 14 4 O
1.025970 14 14 5 O
1.055825 14 14 6 O
1.073771 14 14 7 O
1.100463 14 14 8 O
1.117464 14 14 9 O
1.133478 14 14 10 O
1.148059 14 14 11 O
1.170045 14 14 12 O
1.219226 14 14 13 O
1.233289 14 14 14 O
1.247277 14 14 0 O
1.280343 14 14 1 O
1.299706 14 14 2 O
1.322252 14 14 3 O
1.366578 14 14 4 O
1.380050 14 14 5 O
1.407351 14 14 6 O
1.429004 14 14 7 O
1.448995 14 14 8 O
1.460626 14 14 9 O
1.500783 14 14 10 O
1.529059 14 14 11 O
1.540737 14 14 12 O
1.584290 14 14 13 O
1.606145 14 14 14 O
1.622838 14 14 0 O
1.668222 14 14 1 O
0.000305 12 12 12 M
0.040526 12 12 13 M
0.089573 12 12 14 M
0.104875 12 12 0 M
0.134409 12 12 1 M
0.163712 12 12 2 M
0.205080 12 12 3 M
0.222799 12 12 4 M
0.267596 12 12 5 M
0.314008 12 12 6 M
0.361228 12 12 7 M
0.378957 12 12 8 M
0.405085 12 12 9 M
0.417533 12 12 10 M
0.448685 12 12 11 M
0.472047 12 12 12 M
0.501583 12 12 13 M
0.536355 12 12 14 M
0.562921 12 12 0 M
0.589466 12 12 1 M
0.603975 12 12 2 M
0.651821 12 12 3 M
0.683091 12 12 4 M
0.720630 12 12 5 M
0.744919 12 12 6 M
0.773497 12 12 7 M
0.793138 12 12 8 M
0.836003 12 12 9 M
0.875946 12 12 10 M
0.922289 12 12 11 M
0.943779 12 12 12 M
0.968582 12 12 13 M
0.987836 12 12 14 M
1.010034 12 12 0 M
1.023655 12 12 1 M
1.072428 12 12 2 M
1.083854 12 12 3 M
1.100293 12 12 4 M
1.124638 12 12 5 M
1.166872 12 12 6 M
1.211977 12 12 7 M
1.247063 12 12 8 M
1.286962 12 12 9 M
1.315726 12 12 10 M
1.363379 12 12 11 M
1.413439 12 12 12 M
1.437936 12 12 13 M
1.465306 12 12 14 M
1.513496 12 12 0 M
1.555011 12 12 1 M
1.581879 12 12 2 M
1.607661 12 12 3 M
1.630017 12 12 4 M
1.661502 12 12 5 M
1.680688 12 12 6 M
1.728432 12 12 7 M
1.771271 12 12 8 M
1.815337 12 12 9 M
1.848562 12 12 10 M
0.000308 13 13 13 N
0.089579 13 12 13 N
0.134418 13 11 13 N
0.184187 13 10 13 N
0.201899 13 9 13 N
0.236372 13 8 13 N
0.247435 13 7 13 N
0.312744 13 6 13 N
0.359697 13 5 13 N
0.372315 13 4 13 N
0.419647 13 3 13 N
0.460434 13 2 13 N
0.501861 13 1 13 N
0.516969 13 0 13 N
0.534973 13 14 13 N
0.565810 13 13 13 N
0.596026 13 12 13 N
0.638535 13 11 13 N
0.655823 13 10 13 N
0.700807 13 9 13 N
0.732961 13 8 13 N
0.768733 13 7 13 N
0.811165 13 6 13 N
0.852809 13 5 13 N
0.890290 13 4 13 N
0.939342 13 3 13 N
0.978955 13 2 13 N
1.026013 13 1 13 N
1.050317 13 0 13 N
1.094987 13 14 13 N
1.142308 13 13 13 N
1.172061 13 12 13 N
1.187073 13 11 13 N
1.225110 13 10 13 N
1.237194 13 9 13 N
1.265889 13 8 13 N
1.308070 13 7 13 N
1.342608 13 6 13 N
1.383299 13 5 13 N
1.426014 13 4 13 N
1.474176 13 3 13 N
1.500753 13 2 13 N
1.543660 13 1 13 N
1.584000 13 0 13 N
1.630001 13 14 13 N
1.642950 13 13 13 N
1.660005 13 12 13 N
1.710553 13 11 13 N
1.734371 13 10 13 N
1.759267 13 9 13 N
1.789750 13 8 13 N
1.825505 13 7 13 N
1.858723 13 6 13 N
0.000309 4 4 4 E
0.011910 4 4 3 E
0.058883 4 4 2 E
0.125465 4 4 1 E
0.170532 4 4 0 E
0.185417 4 4 14 E
0.204983 4 4 13 E
0.217151 4 4 12 E
0.285545 4 4 11 E
0.308644 4 4 10 E
0.328954 4 4 9 E
0.342342 4 4 8 E
0.370733 4 4 7 E
0.394501 4 4 6 E
0.428024 4 4 5 E
0.473613 4 4 4 E
0.492773 4 4 3 E
0.516945 4 4 2 E
0.534713 4 4 1 E
0.555826 4 4 0 E
0.585946 4 4 14 E
0.611990 4 4 13 E
0.653310 4 4 12 E
0.691462 4 4 11 E
0.739638 4 4 10 E
0.769890 4 4 9 E
0.783262 4 4 8 E
0.801981 4 4 7 E
0.837331 4 4 6 E
0.875990 4 4 5 E
0.910213 4 4 4 E
0.942064 4 4 3 E
0.989146 4 4 2 E
1.016264 4 4 1 E
1.035500 4 4 0 E
1.052005 4 4 14 E
1.064587 4 4 13 E
1.105491 4 4 12 E
1.146319 4 4 11 E
1.196262 4 4 10 E
1.207139 4 4 9 E
1.224887 4 4 8 E
1.238875 4 4 7 E
1.254067 4 4 6 E
1.297704 4 4 5 E
1.310894 4 4 4 E
1.352796 4 4 3 E
1.401673 4 4 2 E
1.449262 4 4 1 E
1.497237 4 4 0 E
1.512161 4 4 14 E
1.558705 4 4 13 E
1.570256 4 4 12 E
1.610913 4 4 11 E
1.643214 4 4 10 E
1.686130 4 4 9 E
1.697538 4 4 8 E
1.746043 4 4 7 E
1.775839 4 4 6 E
1.811254 4 4 5 E
1.858700 4 4 4 E
1.878772 4 4 3 E
1.891615 4 4 2 E
0.000314 8 8 8 I
0.038001 8 8 9 I
0.064367 8 8 10 I
0.104859 8 8 11 I
0.141131 8 8 12 I
0.188715 8 8 13 I
0.206484 8 8 14 I
0.218315 8 8 0 I
0.257018 8 8 1 I
0.300133 8 8 2 I
0.345695 8 8 3 I
0.380301 8 8 4 I
0.413238 8 8 5 I
0.441182 8 8 6 I
0.458990 8 8 7 I
0.494712 8 8 8 I
0.534698 8 8 9 I
0.555817 8 8 10 I
0.577853 8 8 11 I
0.611975 8 8 12 I
0.634279 8 8 13 I
0.650199 8 8 14 I
0.695159 8 8 0 I
0.737401 8 8 1 I
0.783266 8 8 2 I
0.811104 8 8 3 I
0.843331 8 8 4 I
0.872380 8 8 5 I
0.890294 8 8 6 I
0.913182 8 8 7 I
0.925159 8 8 8 I
0.970999 8 8 9 I
1.004615 8 8 10 I
1.048710 8 8 11 I
1.085310 8 8 12 I
1.103673 8 8 13 I
1.117005 8 8 14 I
1.150804 8 8 0 I
1.166887 8 8 1 I
1.201342 8 8 2 I
1.247490 8 8 3 I
1.263199 8 8 4 I
1.290273 8 8 5 I
1.327089 8 8 6 I
1.349521 8 8 7 I
1.372152 8 8 8 I
1.387015 8 8 9 I
1.424485 8 8 10 I
1.472090 8 8 11 I
1.490288 8 8 12 I
1.518404 8 8 13 I
1.530888 8 8 14 I
1.576237 8 8 0 I
1.622827 8 8 1 I
1.664823 8 8 2 I
1.712337 8 8 3 I
1.759260 8 8 4 I
1.795479 8 8 5 I
1.836462 8 8 6 I
1.873642 8 8 7 I
1.904674 8 8 8 I
1.935695 8 8 9 I
1.958531 8 8 10 I
1.979094 8 8 11 I
2.028070 8 8 12 I
2.062797 8 8 13 I
0.000312 2 2 2 C
0.032825 2 2 3 C
0.050028 2 2 4 C
0.063030 2 2 5 C
0.083333 2 2 6 C
0.128542 2 2 7 C
0.146304 2 2 8 C
0.173906 2 2 9 C
0.218399 2 2 10 C
0.230886 2 2 11 C
0.266197 2 2 12 C
0.305620 2 2 13 C
0.345882 2 2 14 C
0.365967 2 2 0 C
0.378941 2 2 1 C
0.410153 2 2 2 C
0.429881 2 2 3 C
0.464543 2 2 4 C
0.496661 2 2 5 C
0.542169 2 2 6 C
0.574579 2 2 7 C
0.593943 2 2 8 C
0.636633 2 2 9 C
0.677296 2 2 10 C
0.710054 2 2 11 C
0.760422 2 2 12 C
0.809866 2 2 13 C
0.837413 2 2 14 C
0.868044 2 2 0 C
0.883742 2 2 1 C
0.903556 2 2 2 C
0.966872 2 2 3 C
0.990372 2 2 4 C
1.006244 2 2 5 C
1.057621 2 2 6 C
1.082001 2 2 7 C
1.112188 2 2 8 C
1.135610 2 2 9 C
1.159171 2 2 10 C
1.178370 2 2 11 C
1.211964 2 2 12 C
1.247075 2 2 13 C
1.261405 2 2 14 C
1.283171 2 2 0 C
1.306062 2 2 1 C
1.352786 2 2 2 C
1.366833 2 2 3 C
1.410361 2 2 4 C
1.430288 2 2 5 C
1.457240 2 2 6 C
1.497255 2 2 7 C
1.510361 2 2 8 C
1.554995 2 2 9 C
1.603395 2 2 10 C
1.635174 2 2 11 C
1.656906 2 2 12 C
1.672996 2 2 13 C
1.723314 2 2 14 C
1.737846 2 2 0 C
1.759000 2 2 1 C
1.771285 2 2 2 C
1.782609 2 2 3 C
1.823426 2 2 4 C
1.842391 2 2 5 C
1.884770 2 2 6 C
1.910533 2 2 7 C
1.930635 2 2 8 C
1.941721 2 2 9 C
1.984183 2 2 10 C
2.014807 2 2 11 C
2.049077 2 2 12 C
2.073081 2 2 13 C
2.088967 2 2 14 C
2.111535 2 2 0 C
0.000315 0 0 0 A
0.039334 0 0 14 A
0.077675 0 0 13 A
0.119567 0 0 12 A
0.151191 0 0 11 A
0.165038 0 0 10 A
0.203442 0 0 9 A
0.220058 0 0 8 A
0.255369 0 0 7 A
0.274895 0 0 6 A
0.290098 0 0 5 A
0.310036 0 0 4 A
0.352849 0 0 3 A
0.393221 0 0 2 A
0.443390 0 0 1 A
0.488284 0 0 0 A
0.503222 0 0 14 A
0.547536 0 0 13 A
0.561220 0 0 12 A
0.591687 0 0 11 A
0.629755 0 0 10 A
0.657559 0 0 9 A
0.679871 0 0 8 A
0.727420 0 0 7 A
0.768810 0 0 6 A
0.789275 0 0 5 A
0.828726 0 0 4 A
0.859350 0 0 3 A
0.881305 0 0 2 A
0.910209 0 0 1 A
0.939248 0 0 0 A
0.963640 0 0 14 A
0.976403 0 0 13 A
0.996386 0 0 12 A
1.014891 0 0 11 A
1.052134 0 0 10 A
1.088213 0 0 9 A
1.131452 0 0 8 A
1.144951 0 0 7 A
1.159179 0 0 6 A
1.174855 0 0 5 A
1.209024 0 0 4 A
1.244149 0 0 3 A
1.288615 0 0 2 A
1.311135 0 0 1 A
1.333932 0 0 0 A
1.366595 0 0 14 A
1.407076 0 0 13 A
1.434102 0 0 12 A
1.447270 0 0 11 A
1.478726 0 0 10 A
1.491978 0 0 9 A
1.539342 0 0 8 A
1.578331 0 0 7 A
1.603899 0 0 6 A
1.634899 0 0 5 A
1.646436 0 0 4 A
1.695770 0 0 3 A
1.726423 0 0 2 A
1.746058 0 0 1 A
1.785865 0 0 0 A
1.836186 0 0 14 A
1.877360 0 0 13 A
1.891393 0 0 12 A
1.929362 0 0 11 A
1.977292 0 0 10 A
2.002662 0 0 9 A
2.022836 0 0 8 A
2.052015 0 0 7 A
2.095703 0 0 6 A
2.139619 0 0 5 A
2.168604 0 0 4 A
2.212566 0 0 3 A
0.000316 6 6 6 G
0.040482 6 6 5 G
0.077805 6 6 4 G
0.114383 6 6 3 G
0.138515 6 6 2 G
0.184269 6 6 1 G
0.203438 6 6 0 G
0.234669 6 6 14 G
0.281815 6 6 13 G
0.312738 6 6 12 G
0.345873 6 6 11 G
0.369048 6 6 10 G
0.401528 6 6 9 G
0.443969 6 6 8 G
0.474178 6 6 7 G
0.494462 6 6 6 G
0.539189 6 6 5 G
0.559122 6 6 4 G
0.605967 6 6 3 G
0.623308 6 6 2 G
0.648364 6 6 1 G
0.695150 6 6 0 G
0.744953 6 6 14 G
0.789271 6 6 13 G
0.811160 6 6 12 G
0.823009 6 6 11 G
0.840800 6 6 10 G
0.881249 6 6 9 G
0.899883 6 6 8 G
0.939339 6 6 7 G
0.968340 6 6 6 G
0.991624 6 6 5 G
1.041038 6 6 4 G
1.070865 6 6 3 G
1.100304 6 6 2 G
1.115019 6 6 1 G
1.162046 6 6 0 G
1.207384 6 6 14 G
1.243918 6 6 13 G
1.276557 6 6 12 G
1.306050 6 6 11 G
1.342621 6 6 10 G
1.370514 6 6 9 G
1.413704 6 6 8 G
1.460901 6 6 7 G
1.478756 6 6 6 G
1.510095 6 6 5 G
1.543628 6 6 4 G
1.561215 6 6 3 G
1.610633 6 6 2 G
1.622812 6 6 1 G
1.639359 6 6 0 G
1.679280 6 6 14 G
1.692861 6 6 13 G
1.734110 6 6 12 G
1.779512 6 6 11 G
1.790035 6 6 10 G
1.812474 6 6 9 G
1.858712 6 6 8 G
1.896193 6 6 7 G
1.935563 6 6 6 G
1.983967 6 6 5 G
2.032039 6 6 4 G
2.068221 6 6 3 G
2.114125 6 6 2 G
2.139631 6 6 1 G
2.171481 6 6 0 G
2.190383 6 6 14 G
2.205653 6 6 13 G
2.236772 6 6 12 G
0.000306 5 5 5 F
0.018159 5 4 5 F
0.057623 5 3 5 F
0.100459 5 2 5 F
0.134543 5 1 5 F
0.176256 5 0 5 F
0.225525 5 14 5 F
0.255406 5 13 5 F
0.314012 5 12 5 F
0.340399 5 11 5 F
0.390413 5 10 5 F
0.431919 5 9 5 F
0.452439 5 8 5 F
0.497184 5 7 5 F
0.514764 5 6 5 F
0.527955 5 5 5 F
0.577868 5 4 5 F
0.597718 5 3 5 F
0.644050 5 2 5 F
0.683076 5 1 5 F
0.729716 5 0 5 F
0.749127 5 14 5 F
0.768895 5 13 5 F
0.800743 5 12 5 F
0.812416 5 11 5 F
0.823004 5 10 5 F
0.865600 5 9 5 F
0.891399 5 8 5 F
0.905771 5 7 5 F
0.948746 5 6 5 F
0.991621 5 5 5 F
1.029497 5 4 5 F
1.070964 5 3 5 F
1.083753 5 2 5 F
1.103664 5 1 5 F
1.139451 5 0 5 F
1.156540 5 14 5 F
1.207399 5 13 5 F
1.225102 5 12 5 F
1.257897 5 11 5 F
1.274127 5 10 5 F
1.320247 5 9 5 F
1.335951 5 8 5 F
1.363647 5 7 5 F
1.410345 5 6 5 F
1.424462 5 5 5 F
1.455193 5 4 5 F
1.486031 5 3 5 F
1.508467 5 2 5 F
1.540751 5 1 5 F
1.589110 5 0 5 F
1.617757 5 14 5 F
1.662008 5 13 5 F
1.687913 5 12 5 F
1.723305 5 11 5 F
1.741551 5 10 5 F
1.774148 5 9 5 F
1.836474 5 8 5 F
1.863756 5 7 5 F
1.884518 5 6 5 F
1.925464 5 5 5 F
1.935927 5 4 5 F
1.985618 5 3 5 F
1.996516 5 2 5 F
2.043154 5 1 5 F
2.091811 5 0 5 F
2.139608 5 14 5 F
2.162261 5 13 5 F
2.190922 5 12 5 F
2.224654 5 11 5 F
2.259631 5 10 5 F
2.302242 5 9 5 F
2.350607 5 8 5 F
2.386453 5 7 5 F
2.412351 5 6 5 F
2.447357 5 5 5 F
2.480100 5 4 5 F
2.494177 5 3 5 F
2.505968 5 2 5 F
2.537646 5 1 5 F
2.586606 5 0 5 F
2.610552 5 14 5 F
2.645468 5 13 5 F
2.663277 5 12 5 F
2.713205 5 11 5 F
2.741989 5 10 5 F
2.778266 5 9 5 F
2.814018 5 8 5 F
2.855161 5 7 5 F
2.890634 5 6 5 F
2.910245 5 5 5 F
2.927318 5 4 5 F
2.940388 5 3 5 F
2.977061 5 2 5 F
3.018002 5 1 5 F
