-1  15  15  15
 0.000000000  13  13  13  N
 0.005148621  13  12  13  N
 0.022524917  13  11  13  N
 0.000000000  1  1  1  B
 0.003425981  1  2  1  B
 0.031428207  1  3  1  B
 0.000000000  5  5  5  F
 0.004010761  5  4  5  F
 0.041905742  5  3  5  F
 0.000000000  11  11  11  L
 0.004812533  11  10  11  L
 0.042007939  11  9  11  L
 0.056410537  11  8  11  L
 0.000000000  7  7  7  H
 0.004295751  7  6  7  H
 0.022570215  7  5  7  H
 0.037241704  7  4  7  H
 0.048360917  7  3  7  H
 0.065389125  7  2  7  H
 0.077083818  7  1  7  H
 0.000000000  4  4  4  E
 0.003873066  4  4  3  E
 0.017491692  4  4  2  E
 0.052400277  4  4  1  E
 0.088077335  4  4  0  E
 0.000000000  8  8  8  I
 0.004442746  8  8  7  I
 0.020481688  8  8  6  I
 0.061149872  8  8  5  I
 0.000000000  14  14  14  O
 0.005328215  14  14  13  O
 0.026525877  14  14  12  O
 0.052400277  14  14  11  O
 0.089778176  14  14  10  O
 0.000000000  10  10  10  K
 0.004712336  10  10  11  K
 0.020494087  10  10  12  K
 0.041935941  10  10  13  K
 0.078323375  10  10  14  K
 0.127227573  10  10  0  K
 0.000000000  2  2  2  C
 0.003520878  2  2  3  C
 0.047388351  2  2  4  C
 0.088884507  2  2  5  C
 0.104013881  2  2  6  C
 0.117533310  2  2  7  C
 0.131404728  2  2  8  C
 0.180424022  2  2  9  C
 0.219932047  2  2  10  C
 0.000000000  3  3  3  D
 0.003697272  3  2  3  D
 0.018038673  3  1  3  D
 0.047324354  3  0  3  D
 0.085416328  3  14  3  D
 0.114804905  3  13  3  D
 0.159870437  3  12  3  D
 0.191656031  3  11  3  D
 0.000000000  12  12  12  M
 0.004987927  12  12  11  M
 0.047242756  12  12  10  M
 0.082491730  12  12  9  M
 0.131656919  12  12  8  M
 0.142549240  12  12  7  M
 0.155559087  12  12  6  M
 0.186930695  12  12  5  M
 0.227232293  12  12  4  M
 0.000000000  0  0  0  A
 0.003255187  0  0  14  A
 0.050495243  0  0  13  A
 0.095941762  0  0  12  A
 0.134482320  0  0  11  A
 0.183167926  0  0  10  A
 0.222093772  0  0  9  A
 0.270942172  0  0  8  A
 0.000000000  6  6  6  G
 0.004146156  6  6  7  G
 0.041029273  6  6  8  G
 0.088971404  6  6  9  G
 0.100463804  6  6  10  G
 0.147140380  6  6  11  G
 0.189713898  6  6  12  G
 0.215521300  6  6  13  G
 0.230385583  6  6  14  G
 0.277529143  6  6  0  G
 0.000000000  9  9  9  J
 0.004525843  9  10  9  J
 0.039753017  9  11  9  J
 0.053798928  9  12  9  J
 0.095877164  9  13  9  J
 0.131511224  9  14  9  J
 0.179719846  9  0  9  J
 0.226792208  9  1  9  J
 0.270785677  9  2  9  J
 0.313163202  9  3  9  J
