-1  15  15  15
 0.000000000  8  8  8  I
 0.005814204  8  8  7  I
 0.000000000  4  4  4  E
 0.005344176  4  4  5  E
 0.027941792  4  4  6  E
 0.000000000  1  1  1  B
 0.005097514  1  2  1  B
 0.073712435  1  3  1  B
 0.000000000  10  10  10  K
 0.006081862  10  10  9  K
 0.000000000  0  0  0  A
 0.004967334  0  0  14  A
 0.030480701  0  0  13  A
 0.076584093  0  0  12  A
 0.000000000  3  3  3  D
 0.005262089  3  4  3  D
 0.051912496  3  5  3  D
 0.000000000  7  7  7  H
 0.005674925  7  6  7  H
 0.026389931  7  5  7  H
 0.041815253  7  4  7  H
 0.084338597  7  3  7  H
 0.108607455  7  2  7  H
 0.129845481  7  1  7  H
 0.000000000  11  11  11  L
 0.006231839  11  12  11  L
 0.039027383  11  13  11  L
 0.088776713  11  14  11  L
 0.123378578  11  0  11  L
 0.000000000  6  6  6  G
 0.005541746  6  6  5  G
 0.046695701  6  6  4  G
 0.060787328  6  6  3  G
 0.073604652  6  6  2  G
 0.095618058  6  6  1  G
 0.125898590  6  6  0  G
 0.143516973  6  6  14  G
 0.000000000  5  5  5  F
 0.005432662  5  6  5  F
 0.026339339  5  7  5  F
 0.041914438  5  8  5  F
 0.087833858  5  9  5  F
 0.111262646  5  10  5  F
 0.136083319  5  11  5  F
 0.000000000  14  14  14  O
 0.006680370  14  14  13  O
 0.056808841  14  14  12  O
 0.104291221  14  14  11  O
 0.161467606  14  14  10  O
 0.000000000  2  2  2  C
 0.005182801  2  2  1  C
 0.028596891  2  2  0  C
 0.073639247  2  2  14  C
 0.113045571  2  2  13  C
 0.152759848  2  2  12  C
 0.190021303  2  2  11  C
 0.000000000  9  9  9  J
 0.005976379  9  10  9  J
 0.048585509  9  11  9  J
 0.087918845  9  12  9  J
 0.103009319  9  13  9  J
 0.134257601  9  14  9  J
 0.167759636  9  0  9  J
 0.203531720  9  1  9  J
 0.000000000  13  13  13  N
 0.006525194  13  12  13  N
 0.026259251  13  11  13  N
 0.041815253  13  10  13  N
 0.087956239  13  9  13  N
 0.119710244  13  8  13  N
 0.137032773  13  7  13  N
 0.186432557  13  6  13  N
 0.217568256  13  5  13  N
 0.235337017  13  4  13  N
 0.000000000  12  12  12  M
 0.006371318  12  12  11  M
 0.088853201  12  12  10  M
 0.110123222  12  12  9  M
 0.142928164  12  12  8  M
 0.172299836  12  12  7  M
 0.194761173  12  12  6  M
 0.239362996  12  12  5  M
 0.266204612  12  12  4  M
